param nvertices=10; #numero de vertices
param ndemandas=40; #numero de demandas
param capacidadeij: 1 2 3 4 5 6 7 8 9 10 :=
 1 100 100 100 100 100 100 100 100 100 100
2 100 100 100 100 100 100 100 100 100 100
3 100 100 100 100 100 100 100 100 100 100
4 100 100 100 100 100 100 100 100 100 100
5 100 100 100 100 100 100 100 100 100 100
6 100 100 100 100 100 100 100 100 100 100
7 100 100 100 100 100 100 100 100 100 100
8 100 100 100 100 100 100 100 100 100 100
9 100 100 100 100 100 100 100 100 100 100
10 100 100 100 100 100 100 100 100 100 100; #Capacidade de banda de comunicacao de cada arco
param Adj: 1 2 3 4 5 6 7 8 9 10 := 
1 0 0 1 0 0 1 1 1 0 1
2 0 0 0 1 1 0 1 0 1 1
3 1 0 0 1 0 1 1 0 0 1
4 0 1 1 0 0 0 1 0 0 0
5 0 1 0 0 0 0 0 0 1 1
6 1 0 1 0 0 0 0 1 0 1
7 1 1 1 1 0 0 0 0 0 0
8 1 0 0 0 0 1 0 0 0 1
9 0 1 0 0 1 0 0 0 0 0
10 1 1 1 0 1 1 0 1 0 0;  #Matriz de adjacencia da topologia
param I: 1 2 3 :=
1 3.000000 6.000000 12.000000
2 6.000000 5.000000 18.000000
3 6.000000 2.000000 13.000000
4 9.000000 7.000000 14.000000
5 8.000000 9.000000 11.000000
6 2.000000 8.000000 19.000000
7 3.000000 2.000000 18.000000
8 7.000000 4.000000 12.000000
9 3.000000 10.000000 10.000000
10 6.000000 3.000000 11.000000
11 9.000000 7.000000 16.000000
12 7.000000 5.000000 16.000000
13 5.000000 1.000000 10.000000
14 7.000000 4.000000 16.000000
15 6.000000 10.000000 14.000000
16 5.000000 6.000000 18.000000
17 10.000000 1.000000 15.000000
18 6.000000 1.000000 19.000000
19 1.000000 2.000000 10.000000
20 5.000000 2.000000 12.000000
21 7.000000 9.000000 15.000000
22 9.000000 10.000000 19.000000
23 1.000000 4.000000 16.000000
24 4.000000 8.000000 15.000000
25 5.000000 4.000000 13.000000
26 10.000000 3.000000 18.000000
27 3.000000 1.000000 12.000000
28 6.000000 7.000000 14.000000
29 4.000000 3.000000 12.000000
30 6.000000 7.000000 11.000000
31 7.000000 4.000000 10.000000
32 10.000000 3.000000 12.000000
33 9.000000 6.000000 16.000000
34 10.000000 3.000000 15.000000
35 10.000000 5.000000 13.000000
36 7.000000 9.000000 12.000000
37 9.000000 5.000000 11.000000
38 3.000000 2.000000 16.000000
39 10.000000 4.000000 16.000000
40 4.000000 2.000000 19.000000;
param Ib: 1 2 3 4 5 6 7 8 9 10 11 12 13 14 15 16 17 18 19 20 21 22 23 24 25 26 27 28 29 30 31 32 33 34 35 36 37 38 39 40 41 42 43 44 45 46 47 48 49 50 51 52 53 54 55 56 57 58 59 60 61 62 63 64 65 66 67 68 69 70 71 72 73 74 75 76 77 78 79 80 81 82 83 84 85 86 87 88 89 90 91 92 93 94 95 96 97 98 99 100 :=
1 22 36 44 50 51 46 28 22 20 30 40 25 29 54 52 47 22 27 29 42 19 47 25 41 45 38 30 35 29 38 46 32 26 55 20 27 34 37 40 43 30 32 42 21 30 26 40 21 54 48 38 22 24 36 38 41 48 54 32 44 48 38 54 31 41 31 25 19 54 49 48 48 26 29 25 48 39 48 51 24 25 55 35 30 55 42 30 39 55 32 28 38 55 38 50 54 27 46 49 27
2 27 40 28 52 24 29 51 27 34 34 27 25 24 28 29 25 34 45 36 39 45 33 36 51 27 33 20 45 34 49 26 32 36 28 41 40 30 26 32 51 51 50 43 42 47 34 24 42 49 48 43 28 35 28 41 41 20 21 20 50 39 46 32 35 52 50 38 39 44 36 27 34 43 43 44 53 53 34 29 34 48 35 38 21 45 27 51 48 33 29 22 26 51 52 26 47 24 38 37 40
3 19 29 42 49 26 21 31 50 46 21 41 45 27 34 33 22 49 22 24 42 44 34 20 18 34 34 38 41 41 51 38 50 23 40 49 44 52 25 45 20 29 31 20 39 27 37 36 49 26 39 21 33 35 34 43 23 50 38 45 40 41 19 37 33 36 31 41 40 33 49 49 45 48 20 39 27 19 26 43 32 41 33 24 36 38 37 32 46 28 19 44 26 23 51 30 50 24 19 33 46
4 29 58 52 57 23 37 26 56 48 50 62 65 46 47 56 39 37 32 59 52 63 59 68 43 30 49 35 65 37 37 54 66 34 48 44 33 39 39 40 24 65 49 28 55 48 64 54 46 59 51 48 31 34 52 60 45 40 32 50 59 35 26 66 46 48 34 31 39 31 39 57 58 31 40 29 32 23 28 55 26 68 60 37 56 46 58 35 57 64 46 60 68 47 52 62 30 29 45 44 24
5 53 62 63 70 63 36 56 25 26 30 32 40 28 29 54 48 51 44 54 38 49 37 66 34 52 40 55 36 56 45 38 52 35 56 28 67 64 59 57 57 35 50 60 27 52 27 52 53 32 60 38 33 24 66 49 70 59 40 27 38 27 35 66 66 40 28 27 34 66 43 49 38 27 35 27 39 32 45 55 67 25 60 39 33 70 27 62 61 61 65 30 25 47 34 65 64 69 64 61 33
6 65 32 38 33 34 29 51 39 48 36 47 56 36 29 32 56 39 47 28 61 25 41 42 28 63 38 36 62 47 29 36 29 35 47 25 35 39 36 32 62 57 42 50 40 40 65 60 43 26 43 37 54 32 45 44 24 23 44 32 61 59 23 33 35 65 39 43 55 62 63 56 51 29 46 31 30 33 54 56 64 53 51 56 48 48 62 48 26 44 29 46 51 31 60 64 27 45 52 23 66
7 35 36 29 17 28 35 26 35 26 14 20 17 19 20 23 26 17 30 15 16 28 22 37 28 34 13 30 27 15 37 18 32 35 19 23 21 19 13 17 31 31 27 34 37 18 24 36 27 17 16 28 22 31 30 31 34 17 15 27 36 23 28 29 14 30 23 32 21 27 22 17 34 26 22 19 14 29 13 32 31 26 17 24 13 19 28 29 27 22 20 21 28 13 35 34 23 14 15 30 13
8 17 20 22 16 24 25 21 24 29 22 28 28 18 14 18 22 25 12 23 28 13 18 14 26 28 15 22 26 18 34 34 18 33 21 25 19 20 25 13 14 30 20 27 34 29 34 31 29 16 14 13 14 15 15 15 29 29 22 19 28 29 23 14 29 13 32 25 15 24 25 16 30 14 27 19 29 28 13 33 30 24 15 12 33 33 18 31 30 15 31 25 15 29 30 21 22 28 23 26 30
9 27 29 19 16 13 16 23 24 31 19 31 17 23 29 28 15 21 27 20 17 32 31 18 20 30 28 19 14 20 15 28 17 23 17 16 16 21 16 25 12 26 15 18 31 32 18 20 26 20 30 24 20 22 12 28 18 21 17 23 13 20 12 26 19 14 21 28 12 16 32 22 13 20 23 32 30 20 13 23 16 19 26 31 15 14 22 23 29 12 27 32 19 28 16 21 23 29 21 24 15
10 49 35 53 59 26 35 29 62 62 50 49 58 56 60 56 46 48 66 34 38 55 55 61 58 48 58 64 58 54 50 23 67 34 25 27 30 25 43 55 33 40 50 64 59 38 34 34 60 36 30 28 59 32 25 42 25 32 39 41 63 63 59 35 34 31 51 39 31 24 41 40 52 57 45 60 59 43 45 44 27 39 53 39 32 55 60 48 65 33 67 50 36 31 33 33 26 40 56 48 53
11 33 34 44 36 26 32 25 42 41 23 51 63 48 35 33 38 57 64 26 59 45 58 26 46 66 40 29 48 34 47 27 52 25 57 33 51 50 24 30 54 28 61 40 62 24 27 49 37 25 54 26 28 26 59 49 55 42 40 53 31 43 59 61 24 40 55 54 53 59 37 34 61 65 28 39 29 56 38 47 43 66 31 63 59 28 46 42 60 34 49 63 24 50 48 37 64 52 49 59 57
12 29 46 61 51 43 63 44 70 28 27 47 40 46 30 63 49 58 36 51 44 70 56 71 26 71 61 27 51 68 62 48 51 66 33 32 64 63 38 43 72 71 41 56 51 39 26 48 60 59 38 62 46 62 43 62 40 42 49 71 52 52 48 34 24 67 36 68 71 38 54 68 33 33 37 52 55 50 52 42 69 71 29 38 69 31 35 37 33 43 53 24 43 50 43 60 66 63 36 69 40
13 17 14 7 16 9 21 10 16 13 10 13 21 20 8 20 20 15 19 18 18 14 10 12 10 13 12 19 18 19 9 19 18 15 7 13 15 15 14 19 17 19 10 18 21 14 21 11 10 10 15 20 18 16 15 14 16 10 8 18 9 17 19 12 15 20 21 7 18 12 8 10 9 9 9 17 16 16 7 8 13 18 17 9 11 19 16 8 8 11 9 16 17 19 19 8 16 20 20 19 13
14 46 47 33 30 24 34 25 28 31 46 47 21 17 29 26 18 49 48 38 28 29 48 30 21 18 23 29 24 27 31 47 40 21 40 48 25 28 35 36 36 35 28 36 17 23 22 31 48 34 29 21 43 35 28 23 33 41 20 26 42 37 21 30 31 37 20 29 30 46 17 28 20 31 32 33 25 41 19 22 20 45 44 30 30 18 37 25 34 45 33 25 40 49 40 47 20 35 44 19 48
15 24 47 38 44 39 50 39 33 24 33 22 46 39 31 22 22 50 43 24 47 28 26 34 46 39 22 37 42 21 41 41 51 32 38 41 19 38 49 50 21 39 19 21 51 47 21 25 48 29 23 39 29 42 42 32 28 39 40 27 50 27 48 20 19 21 37 19 49 35 28 21 26 52 43 50 22 27 29 31 40 50 19 27 46 51 18 26 26 41 23 40 27 36 47 49 48 28 20 50 26
16 37 32 36 31 36 28 29 46 31 26 67 44 68 58 55 36 69 36 24 28 66 66 70 49 25 48 69 61 46 38 50 37 42 68 26 54 47 70 58 25 54 59 55 36 53 57 26 58 27 33 49 62 65 25 28 41 26 49 70 46 42 54 46 43 52 24 24 28 35 44 49 46 56 38 63 41 58 26 43 37 45 49 24 67 61 32 38 32 57 30 41 49 50 38 37 33 65 47 38 30
17 28 25 22 14 15 21 25 23 24 21 25 28 17 19 12 23 27 14 26 16 25 21 20 24 26 14 24 14 28 18 13 12 14 12 21 25 27 14 29 13 11 18 19 16 21 26 17 14 25 27 17 20 11 19 24 28 25 17 30 20 27 16 13 18 14 22 19 16 21 26 24 13 21 12 15 13 16 21 14 15 24 26 17 21 28 23 24 27 20 18 23 13 20 12 20 11 26 28 29 20
18 27 25 38 43 20 19 43 36 36 20 36 28 17 28 43 36 41 28 25 43 27 40 23 42 17 42 25 43 24 15 29 23 26 39 20 35 41 35 18 43 30 22 18 34 20 33 29 33 38 39 42 42 39 20 19 20 37 43 34 20 43 36 42 23 34 23 22 25 36 42 40 28 41 43 35 16 17 37 35 28 16 36 20 30 39 21 35 25 31 27 41 17 24 42 38 36 27 26 42 19
19 38 34 27 36 25 46 51 20 22 30 37 46 40 30 29 48 39 21 40 40 18 51 39 36 26 46 32 22 39 33 18 29 39 44 29 25 28 35 49 37 21 30 46 41 18 31 32 40 20 44 17 43 42 33 42 24 31 29 39 38 20 42 44 50 30 32 32 44 34 46 41 22 39 50 50 45 34 47 33 48 28 41 31 21 19 47 36 22 48 19 42 33 28 26 19 46 21 23 47 45
20 30 28 34 35 34 28 35 19 30 38 15 24 25 37 21 40 33 38 23 35 22 35 35 38 25 26 17 29 40 33 20 16 44 31 37 17 42 40 40 42 39 44 36 32 33 21 26 38 45 39 18 44 39 45 29 31 32 25 24 20 32 24 16 35 35 37 37 36 22 28 42 42 19 27 21 36 19 27 20 31 27 30 31 33 41 36 22 22 17 26 19 44 33 43 36 37 43 42 31 20
21 56 64 68 45 33 69 38 49 63 44 47 30 47 30 29 46 67 34 62 33 61 25 57 37 37 68 35 36 45 65 24 31 42 26 39 37 32 34 48 53 29 40 55 43 55 35 65 33 44 34 42 27 46 60 37 43 38 63 68 35 25 56 67 24 56 58 25 36 42 64 31 56 24 64 42 28 50 26 29 29 31 30 47 36 50 41 24 30 49 56 31 42 31 60 65 57 25 54 30 34
22 32 43 27 24 38 38 49 51 32 26 34 37 43 46 42 26 40 32 39 48 42 28 43 44 28 43 35 29 17 26 28 19 31 39 50 22 25 21 37 23 37 28 32 46 50 28 31 51 45 50 32 32 50 27 21 30 25 29 27 19 43 35 40 28 18 42 41 22 40 49 22 48 34 33 41 18 51 47 39 51 41 19 46 49 51 39 33 39 50 46 42 38 21 23 29 31 36 25 17 47
23 14 12 14 18 9 10 7 19 20 13 10 8 15 9 18 19 11 8 19 20 9 11 10 21 9 14 8 17 13 8 12 9 14 19 9 20 19 12 12 8 16 20 17 10 12 15 14 20 19 13 21 15 14 13 13 19 10 12 19 19 12 17 14 16 8 16 13 8 18 19 15 11 19 19 20 19 15 17 11 16 12 13 11 15 14 17 12 18 17 7 19 14 9 9 20 12 14 11 17 8
24 26 29 20 26 27 27 35 39 15 26 18 29 19 32 31 23 18 20 34 23 36 34 21 33 22 16 19 29 23 28 19 16 25 27 33 29 29 34 25 34 27 40 32 18 36 15 30 28 35 27 16 40 28 25 40 25 29 27 34 33 23 26 27 25 18 20 29 31 26 38 37 31 34 31 18 19 22 25 21 23 19 20 36 18 25 23 16 26 23 28 20 16 15 21 40 17 38 24 24 20
25 29 68 70 40 57 35 41 45 25 53 70 24 36 39 31 30 46 35 35 36 41 64 50 49 66 37 25 68 66 32 70 32 49 28 66 33 70 55 54 35 35 41 40 28 58 48 68 66 33 63 33 54 50 53 57 69 26 30 41 32 43 33 70 35 26 60 42 29 53 40 52 67 47 44 37 40 28 61 39 31 49 34 69 53 67 48 64 58 45 66 43 63 42 39 33 51 60 36 32 69
26 6 8 10 9 5 9 5 6 9 12 6 6 8 15 12 6 11 14 7 9 11 13 5 7 11 15 11 14 9 8 13 15 7 13 14 6 12 6 13 10 6 12 7 6 9 11 12 14 6 10 9 13 5 7 9 6 13 10 10 8 13 11 11 8 14 15 12 6 15 13 12 9 14 6 10 10 10 8 8 9 12 11 12 5 13 6 8 7 11 15 7 14 9 9 13 5 11 7 8 11
27 16 34 25 35 37 17 31 29 30 35 27 28 14 25 35 33 17 33 22 38 36 27 24 35 18 38 35 27 25 20 35 13 33 23 37 30 24 23 14 28 17 16 25 39 20 21 29 33 14 24 22 21 30 27 24 14 21 22 28 35 31 33 17 30 35 16 30 24 34 34 27 17 37 24 33 23 34 19 31 24 27 34 38 33 20 37 21 29 38 35 15 14 19 23 22 18 35 36 15 23
28 45 35 67 59 66 50 47 66 28 50 25 67 52 54 37 41 71 59 65 44 45 26 35 55 39 38 73 32 60 55 53 40 27 30 31 64 31 32 72 28 57 56 45 44 56 63 35 56 59 61 51 68 25 33 73 55 55 54 64 70 65 25 72 67 34 40 56 59 54 67 68 55 41 73 62 72 73 67 37 31 43 48 59 52 60 48 66 53 32 49 41 31 56 40 52 60 52 61 38 62
29 8 6 6 9 11 9 11 11 8 14 11 6 11 14 9 9 9 9 6 8 11 8 6 13 8 13 5 8 13 15 6 12 13 10 7 6 9 13 12 15 14 7 8 11 10 14 15 13 14 14 10 15 13 14 12 5 13 9 11 10 9 14 6 12 9 5 8 5 8 12 13 14 7 6 8 7 10 10 11 14 13 10 5 5 14 12 14 9 6 5 5 10 13 13 14 12 10 12 14 7
30 55 27 44 23 49 42 28 39 42 35 53 48 34 34 52 39 31 29 24 24 39 23 41 44 52 32 55 47 34 44 31 36 40 36 43 31 58 32 25 49 33 59 26 45 36 28 59 30 49 25 27 54 61 29 54 60 46 48 28 33 43 25 59 32 43 48 35 51 24 27 44 30 25 33 22 33 25 55 26 57 31 57 56 29 57 52 54 24 31 32 53 55 31 51 49 33 46 44 59 36
31 29 23 26 31 24 14 28 28 21 21 26 31 11 15 15 24 31 19 25 26 24 29 24 23 29 21 17 23 31 19 23 14 16 22 13 18 27 19 28 30 26 24 32 13 32 30 20 25 20 21 25 12 18 19 15 21 23 18 15 25 26 33 23 24 26 11 21 19 19 27 24 13 12 26 23 22 12 15 22 22 19 27 26 28 24 20 21 15 24 29 21 29 26 22 16 22 14 25 14 28
32 37 30 27 59 43 45 28 24 50 26 27 34 37 41 34 31 54 32 50 56 56 32 30 24 39 29 49 35 50 34 46 54 56 27 55 37 24 37 48 34 32 34 38 37 59 24 57 59 24 50 34 41 46 49 21 54 24 37 33 41 53 59 50 35 38 51 46 28 57 43 46 47 46 57 53 57 53 48 21 21 21 47 45 32 34 43 39 28 56 46 48 43 55 56 25 38 48 24 26 23
33 14 23 26 24 30 16 19 17 18 19 26 12 14 31 21 20 29 28 18 30 11 16 31 28 25 28 28 28 30 16 11 29 28 18 24 22 12 26 26 28 16 12 21 24 18 11 30 24 24 19 12 28 28 28 22 22 26 25 29 23 29 30 25 31 30 18 12 14 31 15 23 24 13 17 30 16 13 29 28 14 21 26 18 31 11 26 14 27 22 11 23 26 21 30 29 15 28 31 13 23
34 46 31 26 47 43 48 53 28 53 27 45 41 41 51 56 52 33 33 46 52 51 27 24 26 47 53 27 37 57 61 40 25 42 37 38 37 62 51 59 34 53 65 64 47 50 43 65 34 59 55 32 29 26 40 28 23 66 39 46 39 52 66 30 69 29 57 24 53 59 26 33 31 25 30 68 64 68 57 49 43 23 35 45 29 51 55 30 57 60 38 32 38 43 67 44 31 43 60 28 34
35 17 10 25 17 17 25 16 17 15 10 23 21 15 20 11 22 12 14 18 12 17 25 25 9 11 17 15 22 22 21 13 20 25 19 25 21 13 17 14 16 21 20 25 19 11 13 15 24 13 18 18 13 15 24 23 19 20 10 19 15 20 9 22 19 25 20 11 12 22 22 16 18 25 10 21 22 17 20 20 14 25 25 17 12 11 19 15 17 24 15 16 13 12 20 9 20 24 19 25 13
36 24 45 23 36 38 36 36 36 38 53 26 22 47 22 29 48 47 19 43 26 22 40 21 41 42 35 40 25 26 50 51 18 40 28 50 25 27 40 25 48 25 25 40 18 45 41 37 27 33 54 21 19 51 45 30 51 26 47 45 40 34 21 22 24 25 42 39 54 47 33 54 51 51 33 18 46 34 35 51 30 51 43 19 41 18 29 34 43 50 27 19 25 45 26 19 31 23 34 33 27
37 60 64 37 64 29 42 50 35 47 37 55 46 23 30 43 46 22 29 36 38 46 35 33 29 63 32 52 25 27 48 33 44 34 58 41 38 23 59 47 25 64 62 43 58 62 37 28 47 54 27 35 50 39 38 51 42 28 63 62 62 34 42 43 63 52 61 56 46 32 39 30 42 50 35 64 64 34 64 62 27 54 39 49 47 28 41 51 41 58 46 49 55 35 38 53 34 52 25 29 36
38 50 57 41 25 34 53 65 41 64 70 56 47 41 58 35 45 47 45 56 58 61 30 25 49 27 31 30 35 44 56 70 54 47 35 53 59 27 45 63 50 38 32 42 29 50 64 28 42 33 53 69 69 69 55 35 55 29 25 45 35 55 47 26 53 70 53 53 29 44 35 52 28 58 58 64 29 36 53 62 40 43 64 44 36 27 64 52 33 56 48 35 27 40 34 43 25 55 69 25 65
39 53 48 32 26 34 50 62 48 41 50 29 44 43 34 55 64 33 59 37 57 25 40 63 32 58 41 45 60 57 36 54 55 42 23 62 39 58 44 34 44 57 43 63 51 31 33 33 55 31 53 59 45 43 63 29 41 59 22 29 37 51 60 22 64 35 56 29 26 50 49 55 45 54 26 49 35 30 55 61 40 39 58 57 61 35 51 33 43 53 52 55 38 31 30 40 45 49 36 42 34
40 13 15 10 18 6 12 16 10 14 12 14 12 18 18 17 11 12 7 6 9 10 13 7 6 17 8 8 17 13 8 9 15 7 14 16 17 12 7 14 9 8 16 13 17 6 13 12 6 16 16 9 11 14 7 6 9 15 14 13 8 14 17 16 17 10 13 17 9 9 16 13 11 7 8 9 18 9 6 14 16 13 12 11 12 12 12 10 12 12 14 12 17 8 9 15 10 10 6 17 14;
param maxIb: 1 :=
1 56
2 54
3 53
4 69
5 71
6 66
7 38
8 35
9 33
10 68
11 68
12 72
13 21
14 50
15 53
16 71
17 30
18 44
19 51
20 45
21 69
22 51
23 21
24 41
25 72
26 15
27 39
28 74
29 15
30 62
31 33
32 60
33 32
34 69
35 26
36 54
37 65
38 71
39 65
40 18;
param tempoe=0.000606;
