param nvertices=10; #numero de vertices
param ndemandas=40; #numero de demandas
param capacidadeij: 1 2 3 4 5 6 7 8 9 10 :=
 1 100 100 100 100 100 100 100 100 100 100
2 100 100 100 100 100 100 100 100 100 100
3 100 100 100 100 100 100 100 100 100 100
4 100 100 100 100 100 100 100 100 100 100
5 100 100 100 100 100 100 100 100 100 100
6 100 100 100 100 100 100 100 100 100 100
7 100 100 100 100 100 100 100 100 100 100
8 100 100 100 100 100 100 100 100 100 100
9 100 100 100 100 100 100 100 100 100 100
10 100 100 100 100 100 100 100 100 100 100; #Capacidade de banda de comunicacao de cada arco
param Adj: 1 2 3 4 5 6 7 8 9 10 := 
1 0 0 1 0 0 1 1 1 0 1
2 0 0 0 1 1 0 1 0 1 1
3 1 0 0 1 0 1 1 0 0 1
4 0 1 1 0 0 0 1 0 0 0
5 0 1 0 0 0 0 0 0 1 1
6 1 0 1 0 0 0 0 1 0 1
7 1 1 1 1 0 0 0 0 0 0
8 1 0 0 0 0 1 0 0 0 1
9 0 1 0 0 1 0 0 0 0 0
10 1 1 1 0 1 1 0 1 0 0;  #Matriz de adjacencia da topologia
param I: 1 2 3 :=
1 3.000000 8.000000 11.000000
2 7.000000 5.000000 13.000000
3 4.000000 1.000000 10.000000
4 1.000000 7.000000 14.000000
5 4.000000 1.000000 12.000000
6 2.000000 9.000000 17.000000
7 6.000000 2.000000 10.000000
8 8.000000 4.000000 15.000000
9 2.000000 1.000000 16.000000
10 3.000000 10.000000 10.000000
11 2.000000 5.000000 13.000000
12 10.000000 1.000000 19.000000
13 6.000000 3.000000 17.000000
14 9.000000 5.000000 14.000000
15 6.000000 10.000000 15.000000
16 9.000000 3.000000 11.000000
17 2.000000 7.000000 10.000000
18 8.000000 3.000000 10.000000
19 5.000000 10.000000 11.000000
20 10.000000 9.000000 12.000000
21 2.000000 5.000000 16.000000
22 5.000000 7.000000 10.000000
23 3.000000 7.000000 12.000000
24 6.000000 4.000000 10.000000
25 4.000000 1.000000 10.000000
26 9.000000 7.000000 14.000000
27 8.000000 3.000000 18.000000
28 10.000000 8.000000 15.000000
29 2.000000 6.000000 14.000000
30 2.000000 7.000000 16.000000
31 7.000000 5.000000 12.000000
32 6.000000 2.000000 12.000000
33 3.000000 1.000000 14.000000
34 5.000000 4.000000 16.000000
35 4.000000 5.000000 10.000000
36 1.000000 7.000000 15.000000
37 9.000000 7.000000 19.000000
38 3.000000 7.000000 13.000000
39 9.000000 1.000000 18.000000
40 2.000000 4.000000 16.000000;
param Ib: 1 2 3 4 5 6 7 8 9 10 11 12 13 14 15 16 17 18 19 20 21 22 23 24 25 26 27 28 29 30 31 32 33 34 35 36 37 38 39 40 41 42 43 44 45 46 47 48 49 50 51 52 53 54 55 56 57 58 59 60 61 62 63 64 65 66 67 68 69 70 71 72 73 74 75 76 77 78 79 80 81 82 83 84 85 86 87 88 89 90 91 92 93 94 95 96 97 98 99 100 :=
1 47 43 52 51 34 57 55 51 48 34 35 50 49 37 43 51 51 39 43 36 36 58 49 39 49 45 43 46 35 49 43 32 38 50 42 32 38 45 46 48 47 36 41 43 42 54 53 33 41 54 47 42 34 43 44 41 45 41 42 48 54 37 41 46 36 38 37 47 54 36 42 36 44 37 36 33 53 56 42 45 42 57 33 37 39 58 36 37 50 42 57 39 46 35 36 40 44 48 42 35
2 41 52 46 48 34 42 32 47 49 53 44 52 37 33 34 46 55 49 37 48 47 32 45 53 52 49 35 38 37 39 52 43 47 34 50 34 55 48 33 42 56 41 34 37 33 34 51 43 41 31 33 43 52 43 31 33 35 52 48 39 54 48 56 52 38 32 33 31 47 35 47 49 39 36 51 40 53 35 48 50 35 35 40 35 50 34 44 54 34 45 44 34 37 43 51 49 40 32 50 51
3 15 14 11 17 11 17 13 14 15 10 14 11 15 10 14 12 16 14 14 12 11 13 16 16 9 15 10 13 9 17 17 16 16 15 13 12 17 16 15 13 15 15 10 12 13 16 15 12 17 16 14 12 10 13 9 16 15 11 9 14 11 12 10 11 11 15 14 12 13 11 9 14 13 11 13 16 11 15 10 12 13 13 13 12 17 14 15 15 10 11 11 9 16 16 14 16 14 10 13 11
4 26 22 24 30 33 35 23 36 24 24 25 30 31 32 34 23 28 32 34 33 29 31 21 28 33 33 33 22 26 21 33 36 24 24 35 20 32 22 34 35 31 35 25 33 36 36 35 31 29 28 25 25 22 25 32 31 25 31 36 36 31 26 24 34 24 20 20 25 33 23 27 35 32 26 30 27 33 30 23 20 31 27 22 31 34 20 34 22 25 24 23 31 28 23 31 33 33 22 22 33
5 30 19 28 21 18 28 31 24 28 23 27 26 20 18 21 21 23 25 22 28 19 25 32 19 24 18 21 28 22 19 20 27 27 19 26 19 31 30 25 32 30 27 21 26 31 25 21 26 21 29 27 22 26 29 27 26 32 29 23 26 26 28 22 28 31 25 18 28 26 32 28 31 32 25 32 19 26 21 28 28 31 32 30 28 29 24 27 31 21 21 19 28 24 25 22 26 28 20 31 20
6 11 14 11 14 11 8 12 12 8 11 14 9 12 9 12 8 10 9 14 11 9 11 8 12 12 12 10 10 9 10 8 8 11 14 11 11 9 12 10 14 12 8 8 12 11 14 11 14 13 13 10 10 10 8 12 14 10 12 10 11 12 11 9 8 10 8 14 12 9 14 9 10 9 10 12 9 9 12 13 9 9 9 12 13 10 10 11 10 10 12 11 11 12 9 12 11 8 8 13 12
7 12 17 13 18 11 13 20 16 20 18 15 13 18 17 15 16 13 18 15 20 12 18 16 11 19 13 21 11 16 17 12 13 12 13 13 19 14 17 16 17 14 13 12 16 19 18 12 14 13 16 16 14 21 15 16 14 15 12 14 17 19 18 17 14 20 20 20 14 18 15 20 15 13 16 16 13 13 19 18 17 13 16 17 15 11 18 17 16 13 19 14 13 20 19 11 13 18 19 16 17
8 18 18 17 13 18 13 15 19 16 19 14 16 17 18 11 13 19 12 15 18 19 15 16 13 11 18 19 15 17 11 14 13 17 11 12 17 16 15 13 12 12 18 15 13 16 12 18 16 19 17 19 18 15 18 17 14 19 12 14 12 18 14 18 11 16 13 16 11 17 16 16 12 19 14 11 14 14 12 18 18 13 12 11 19 14 15 12 13 15 12 11 16 12 17 14 12 17 15 14 13
9 27 37 29 39 37 37 42 30 31 34 31 28 28 26 26 25 34 34 26 39 39 30 31 28 43 31 34 38 31 24 38 33 43 38 41 37 36 36 37 30 42 41 29 36 31 41 41 24 41 28 27 29 25 32 28 35 41 38 36 28 32 42 36 40 39 40 37 39 35 36 24 26 35 35 33 34 32 29 41 25 31 25 32 25 31 34 38 35 40 27 40 31 28 34 38 34 31 28 37 38
10 41 36 43 47 28 37 33 30 43 34 34 28 44 46 35 30 27 39 39 40 41 33 40 42 30 36 34 31 32 28 39 36 27 45 27 42 38 32 39 48 32 35 45 33 39 45 36 42 36 40 44 42 48 48 26 34 40 30 33 32 29 37 46 33 40 37 46 39 39 43 37 44 28 39 47 28 28 46 32 28 35 48 35 39 47 39 29 38 26 47 34 30 45 36 35 45 36 28 41 45
11 22 22 28 25 24 19 26 27 32 23 19 31 25 26 30 23 26 25 25 25 32 22 23 32 23 22 19 24 25 21 23 24 30 32 32 31 31 19 18 30 31 21 21 20 30 23 32 32 26 31 22 32 25 19 21 29 20 25 20 27 19 26 21 29 25 29 32 30 31 32 23 20 23 24 27 22 29 22 26 32 19 18 32 30 29 27 21 29 31 29 26 19 18 22 32 25 30 23 28 22
12 10 14 8 8 13 9 9 14 13 10 13 10 8 11 13 10 9 13 12 14 13 8 12 13 13 14 12 9 13 13 10 9 14 9 13 9 11 12 11 9 10 10 10 11 14 10 12 14 12 11 8 12 12 11 14 14 11 10 10 13 9 8 14 13 12 13 13 10 14 8 12 13 14 11 8 10 11 13 10 11 11 12 9 11 8 12 13 12 12 11 14 10 13 10 10 11 9 14 13 14
13 33 30 21 33 21 21 30 29 21 33 29 25 30 19 22 24 26 30 22 30 31 19 22 22 34 32 23 18 19 30 30 22 29 34 32 20 24 23 33 19 25 21 25 30 19 20 27 22 25 21 19 31 23 33 29 29 32 23 31 26 30 23 31 31 28 33 30 22 21 23 34 24 32 22 23 33 25 33 32 30 25 25 29 20 19 28 25 27 26 33 27 30 27 27 18 20 33 32 21 24
14 29 29 20 22 24 22 17 28 23 23 18 21 25 22 19 19 20 25 26 18 27 17 22 29 18 24 22 30 26 24 24 21 23 28 22 18 27 26 16 16 18 27 18 24 19 16 19 18 22 21 20 20 28 18 30 23 21 26 20 29 17 28 27 27 26 28 27 30 18 30 20 21 21 22 22 29 18 21 19 27 24 27 21 20 28 25 24 25 24 22 29 21 29 20 29 23 27 19 17 20
15 16 15 20 15 22 19 18 15 20 23 15 23 17 15 13 22 17 19 22 19 16 13 22 20 21 22 23 18 21 17 16 18 23 14 23 18 17 17 20 16 17 18 22 18 16 20 16 20 15 21 23 18 16 18 16 23 23 23 16 14 22 14 23 17 19 16 19 15 23 14 20 15 16 19 20 22 15 21 17 17 22 13 14 21 16 21 14 18 17 21 14 23 18 20 23 23 16 20 17 17
16 37 57 44 42 35 59 44 57 37 37 35 55 59 58 42 59 42 44 45 46 40 62 60 41 34 42 62 47 60 44 38 55 53 47 40 57 55 57 38 49 54 39 38 48 59 62 34 62 56 40 52 37 42 61 46 45 44 42 47 39 53 62 48 56 53 39 34 34 41 34 52 52 56 35 50 45 55 48 61 51 54 47 41 61 60 56 44 40 37 35 46 34 49 53 58 55 41 53 58 51
17 14 16 20 23 14 15 17 17 16 16 20 13 22 16 23 20 14 13 13 22 14 15 23 23 23 14 15 21 19 17 22 20 14 22 18 23 15 15 21 18 20 18 15 19 13 23 18 20 15 13 23 23 14 21 22 14 21 20 23 15 16 17 21 17 15 18 19 20 23 18 20 20 20 15 22 14 20 14 20 17 15 23 19 18 18 21 14 19 14 19 15 21 14 22 17 15 20 15 22 16
18 21 31 28 33 32 31 30 21 34 26 30 27 36 30 28 36 37 21 27 30 31 31 35 23 22 30 31 28 22 23 28 29 21 31 26 21 26 32 21 29 34 28 21 28 24 28 32 36 28 30 29 33 33 34 28 36 37 38 21 27 22 23 35 33 31 37 28 32 23 37 33 33 34 32 28 31 21 32 33 24 33 28 23 34 26 30 25 26 26 30 29 25 34 20 30 35 28 23 36 26
19 25 38 38 24 25 35 26 34 40 35 30 25 39 27 34 31 28 24 39 38 26 32 40 22 38 39 37 22 34 31 40 29 29 36 27 37 32 31 39 23 37 38 35 31 26 27 37 40 29 37 35 38 29 37 38 27 24 40 24 32 30 24 25 31 36 28 26 36 24 33 38 38 23 34 31 29 28 32 36 31 25 40 32 24 35 34 39 35 28 26 24 33 38 34 24 35 31 32 36 35
20 29 32 33 39 33 44 38 27 41 40 43 35 38 27 26 30 26 41 36 30 32 37 40 45 32 35 42 43 41 29 41 30 27 43 40 30 39 40 31 35 27 29 43 36 32 44 39 28 30 45 38 40 41 35 33 27 31 43 41 30 30 31 32 28 42 30 31 43 26 39 36 38 30 44 39 27 42 33 27 40 45 31 30 39 39 32 25 37 31 36 40 29 34 34 38 30 31 30 27 34
21 26 37 36 42 42 29 25 28 37 42 43 25 23 24 31 39 25 35 37 42 32 36 31 28 37 33 39 41 38 29 31 39 25 32 25 23 28 42 37 42 40 38 40 39 42 30 32 27 35 24 42 29 35 27 30 29 38 25 39 39 35 33 30 40 30 25 30 31 33 41 32 40 28 30 37 32 41 39 32 31 30 36 37 28 37 24 42 26 42 32 42 24 33 25 40 28 31 41 25 24
22 39 45 39 25 44 28 33 30 35 38 41 40 35 37 31 30 34 30 28 36 26 42 29 33 42 29 35 42 27 29 45 44 33 36 39 32 38 36 32 42 44 44 39 33 34 42 28 38 44 30 33 41 40 28 35 36 39 42 32 25 39 41 36 42 31 40 33 45 37 42 33 25 32 37 40 40 29 43 29 44 26 35 31 36 39 39 29 38 33 42 29 33 35 31 43 43 38 30 28 33
23 31 37 33 26 24 23 38 30 22 29 35 33 35 36 29 37 33 39 25 33 27 24 28 30 33 25 23 27 34 34 31 36 35 38 38 32 34 33 23 35 38 25 25 25 31 34 28 27 22 31 36 39 36 35 39 38 27 35 24 25 33 33 26 31 37 36 38 34 25 33 35 28 30 38 37 32 35 26 35 34 27 22 34 31 28 31 25 24 31 28 22 21 32 24 36 24 24 30 36 21
24 37 42 53 56 34 61 34 53 43 34 54 44 50 57 53 45 49 39 38 61 47 33 59 47 43 34 42 50 35 53 47 35 46 42 56 35 59 47 35 50 41 61 53 57 36 45 53 58 50 51 40 59 61 45 36 57 36 59 55 40 60 47 35 58 52 47 38 39 45 46 36 33 53 55 41 34 45 35 42 48 60 40 55 33 43 43 42 50 60 36 60 45 60 52 37 50 53 45 37 59
25 26 17 17 16 20 20 20 23 25 20 24 23 23 19 18 25 22 26 21 19 20 16 21 17 23 15 25 16 19 26 22 18 20 15 18 16 17 16 22 21 16 27 23 21 22 19 23 22 25 21 15 19 21 15 24 24 20 26 16 19 16 17 18 20 23 27 23 21 19 22 17 23 16 25 22 15 21 26 15 26 15 17 25 22 24 20 19 20 21 23 23 23 18 15 19 15 27 19 25 15
26 58 36 58 54 55 35 50 43 43 46 58 58 42 55 32 45 52 38 55 57 49 32 49 43 47 35 45 57 54 45 48 46 42 50 44 54 44 53 49 40 42 55 55 39 57 45 56 43 57 40 36 49 45 34 36 41 48 47 50 49 39 48 53 45 47 48 35 33 51 42 36 55 41 47 40 39 55 39 51 33 41 53 39 53 35 54 39 45 55 39 58 43 34 36 49 55 39 39 58 37
27 45 48 36 44 36 33 50 35 39 35 37 46 44 50 51 28 30 32 40 30 28 28 49 28 31 32 32 28 50 44 37 47 35 41 32 51 28 44 32 30 45 30 40 40 49 41 41 49 32 51 42 48 30 30 35 36 29 40 35 38 44 43 47 31 31 45 32 35 36 39 34 45 36 43 35 41 47 36 36 40 51 46 38 30 34 37 50 28 41 37 44 47 36 32 33 42 40 46 38 39
28 39 38 44 39 53 51 48 32 32 48 37 47 44 45 52 39 30 42 48 51 49 37 31 55 35 32 40 38 35 54 46 52 44 52 35 41 33 43 53 47 52 31 50 45 40 47 48 50 37 50 36 46 47 39 53 31 39 37 52 38 40 35 49 45 45 31 40 44 34 49 47 34 45 55 37 55 37 52 55 39 42 49 50 53 41 53 41 49 52 37 33 36 34 40 47 36 43 35 40 44
29 33 25 33 30 35 37 34 44 39 31 35 34 32 42 42 35 36 31 42 34 26 29 28 39 36 44 32 31 39 33 43 37 41 35 34 28 37 27 35 29 33 40 33 43 25 39 38 25 44 28 31 30 27 31 42 34 43 28 43 42 32 26 37 25 26 40 28 31 25 35 28 25 34 36 40 42 36 42 41 42 24 31 34 37 28 39 33 34 29 32 24 29 43 29 39 41 32 28 30 33
30 16 15 14 14 13 10 11 12 9 11 14 12 10 15 12 12 13 16 12 11 9 12 9 13 10 12 10 15 12 11 9 14 11 14 13 14 16 15 10 12 12 15 11 10 12 13 13 12 13 13 10 11 14 10 14 11 15 10 10 13 11 9 11 15 9 12 15 15 12 13 14 13 11 14 14 12 11 9 14 10 10 10 13 12 9 13 12 15 9 15 14 12 9 13 10 13 12 9 14 11
31 36 42 50 54 53 41 36 46 53 42 56 47 35 60 40 46 40 36 46 35 58 55 49 37 62 47 43 49 49 63 61 63 37 51 48 54 62 55 46 53 61 48 34 44 62 47 45 52 38 44 45 52 37 39 35 51 50 55 49 44 51 36 38 45 44 52 59 41 49 39 56 36 56 61 42 54 38 58 36 38 62 60 54 54 56 52 57 43 52 41 60 52 40 57 40 56 61 57 57 62
32 11 11 8 12 12 8 12 7 12 7 10 10 10 8 11 12 9 8 10 10 13 10 12 8 10 7 9 8 10 12 12 8 9 8 11 9 9 7 10 9 7 11 10 11 12 10 11 7 8 13 9 8 11 7 9 10 9 11 7 11 10 12 12 10 9 9 9 11 12 9 12 10 10 7 10 12 10 10 11 11 12 8 9 7 13 9 13 13 9 13 11 12 11 13 11 11 10 7 10 11
33 44 44 28 41 30 44 36 33 42 39 44 37 36 34 39 41 44 42 47 32 47 47 27 29 29 30 29 37 27 44 43 36 47 31 31 44 35 33 32 26 43 31 28 28 38 28 31 40 38 30 39 37 32 40 26 33 28 47 40 34 47 42 28 48 43 44 30 29 28 38 45 46 30 47 32 31 46 33 32 37 38 48 35 28 40 30 30 45 44 44 33 42 35 32 27 41 39 47 40 47
34 24 22 22 28 17 20 21 20 25 27 22 20 18 23 25 19 23 24 20 18 17 19 25 21 21 21 24 19 25 23 20 27 23 27 22 18 22 27 19 18 25 28 28 18 17 20 29 16 21 28 16 17 27 28 18 26 16 21 21 23 19 27 16 20 21 22 24 25 28 25 28 21 21 19 27 27 16 16 23 21 26 20 21 20 19 25 18 26 25 22 20 22 19 19 27 23 27 21 19 21
35 24 27 25 19 28 20 26 30 21 25 22 23 27 21 29 31 22 32 21 31 31 31 20 25 30 31 29 24 24 28 21 30 28 23 27 22 20 20 21 25 21 18 20 21 23 25 19 19 33 19 30 24 21 21 23 30 21 31 28 23 21 33 22 30 29 32 29 22 27 32 26 30 32 20 26 19 33 19 31 29 20 20 22 27 27 25 24 30 22 24 32 19 33 31 28 32 25 23 28 25
36 39 33 35 27 29 33 39 27 39 38 29 42 29 35 30 34 36 30 36 31 41 36 34 39 43 43 42 46 39 28 46 30 42 46 46 33 38 26 37 39 45 45 34 33 29 33 28 45 34 34 34 32 39 44 42 45 30 34 33 35 44 44 26 35 44 27 27 33 41 32 27 42 29 44 47 32 28 26 31 35 44 28 33 26 40 41 43 45 41 37 28 35 45 28 28 33 38 35 37 29
37 55 32 55 37 53 56 34 36 54 46 56 34 57 36 32 50 47 50 48 52 41 37 37 49 37 51 41 44 47 34 46 41 51 47 40 33 33 41 55 41 36 55 31 38 34 31 43 41 43 32 42 43 45 48 56 57 38 48 40 52 50 49 40 56 55 47 50 53 42 44 33 53 43 32 32 54 41 36 41 35 39 44 54 35 54 53 51 40 48 38 34 56 53 51 53 40 50 49 43 54
38 50 47 46 49 42 34 35 42 35 31 50 46 39 32 28 48 42 42 47 51 35 32 40 39 52 37 50 43 39 36 39 47 41 42 35 33 33 44 38 46 50 29 49 37 31 30 43 34 35 51 36 36 38 45 34 40 34 49 50 50 50 36 30 36 37 51 43 48 33 52 38 29 43 37 39 51 29 47 33 47 34 33 35 33 47 49 46 43 46 37 35 34 31 41 34 50 44 46 44 38
39 19 31 25 24 28 29 24 26 27 25 18 27 24 26 26 24 31 18 26 30 30 21 27 22 26 28 32 18 29 26 30 30 21 26 19 18 23 26 22 21 24 23 26 28 23 23 27 28 21 31 30 21 28 29 20 20 27 22 24 25 21 22 28 19 26 23 27 26 29 19 24 24 19 21 31 19 23 19 27 21 28 32 24 18 26 18 28 21 32 21 27 24 31 27 21 20 18 26 27 21
40 20 17 21 24 17 19 29 26 23 22 19 22 22 26 17 17 29 20 17 20 22 24 27 20 20 24 23 19 19 20 24 25 22 20 27 23 18 18 22 29 20 27 21 26 20 26 28 29 19 19 22 30 17 23 27 17 24 20 20 21 22 24 18 24 24 29 28 28 27 27 26 20 29 18 29 18 25 30 18 26 25 18 19 29 17 19 20 28 18 29 24 26 20 25 23 21 28 18 28 28;
param maxIb: 1 :=
1 59
2 56
3 17
4 36
5 33
6 14
7 21
8 20
9 43
10 48
11 33
12 14
13 34
14 30
15 23
16 62
17 23
18 38
19 40
20 46
21 43
22 46
23 39
24 61
25 27
26 59
27 51
28 56
29 44
30 16
31 64
32 13
33 48
34 29
35 34
36 47
37 57
38 52
39 33
40 30;
param tempoe=0.000375;
