param nvertices=10; #numero de vertices
param ndemandas=40; #numero de demandas
param capacidadeij: 1 2 3 4 5 6 7 8 9 10 :=
 1 100 100 100 100 100 100 100 100 100 100
2 100 100 100 100 100 100 100 100 100 100
3 100 100 100 100 100 100 100 100 100 100
4 100 100 100 100 100 100 100 100 100 100
5 100 100 100 100 100 100 100 100 100 100
6 100 100 100 100 100 100 100 100 100 100
7 100 100 100 100 100 100 100 100 100 100
8 100 100 100 100 100 100 100 100 100 100
9 100 100 100 100 100 100 100 100 100 100
10 100 100 100 100 100 100 100 100 100 100; #Capacidade de banda de comunicacao de cada arco
param Adj: 1 2 3 4 5 6 7 8 9 10 := 
1 0 0 0 0 0 1 0 0 1 1
2 0 0 1 0 1 0 0 0 0 1
3 0 1 0 1 1 0 0 1 0 0
4 0 0 1 0 0 0 1 1 0 0
5 0 1 1 0 0 0 0 0 0 1
6 1 0 0 0 0 0 0 0 0 1
7 0 0 0 1 0 0 0 1 1 0
8 0 0 1 1 0 0 1 0 0 0
9 1 0 0 0 0 0 1 0 0 1
10 1 1 0 0 1 1 0 0 1 0;  #Matriz de adjacencia da topologia
param I: 1 2 3 :=
1 3.000000 8.000000 17.000000
2 9.000000 10.000000 11.000000
3 1.000000 7.000000 17.000000
4 5.000000 1.000000 11.000000
5 4.000000 7.000000 15.000000
6 4.000000 6.000000 13.000000
7 9.000000 10.000000 13.000000
8 10.000000 4.000000 15.000000
9 4.000000 9.000000 14.000000
10 9.000000 8.000000 10.000000
11 9.000000 10.000000 12.000000
12 8.000000 2.000000 10.000000
13 4.000000 10.000000 10.000000
14 3.000000 10.000000 19.000000
15 1.000000 5.000000 16.000000
16 3.000000 6.000000 18.000000
17 3.000000 8.000000 14.000000
18 10.000000 7.000000 11.000000
19 3.000000 5.000000 12.000000
20 6.000000 8.000000 18.000000
21 4.000000 7.000000 13.000000
22 3.000000 10.000000 15.000000
23 9.000000 4.000000 15.000000
24 2.000000 8.000000 19.000000
25 3.000000 10.000000 17.000000
26 6.000000 7.000000 19.000000
27 4.000000 6.000000 11.000000
28 3.000000 6.000000 18.000000
29 8.000000 10.000000 13.000000
30 6.000000 9.000000 15.000000
31 6.000000 9.000000 18.000000
32 6.000000 4.000000 18.000000
33 1.000000 10.000000 10.000000
34 1.000000 2.000000 19.000000
35 3.000000 5.000000 19.000000
36 1.000000 5.000000 18.000000
37 7.000000 5.000000 14.000000
38 1.000000 5.000000 19.000000
39 3.000000 7.000000 17.000000
40 4.000000 5.000000 17.000000;
param Ib: 1 2 3 4 5 6 7 8 9 10 11 12 13 14 15 16 17 18 19 20 21 22 23 24 25 26 27 28 29 30 31 32 33 34 35 36 37 38 39 40 41 42 43 44 45 46 47 48 49 50 51 52 53 54 55 56 57 58 59 60 61 62 63 64 65 66 67 68 69 70 71 72 73 74 75 76 77 78 79 80 81 82 83 84 85 86 87 88 89 90 91 92 93 94 95 96 97 98 99 100 :=
1 49 40 32 29 39 47 49 35 49 52 38 46 42 42 34 34 28 52 32 32 30 31 42 48 31 36 51 44 51 30 47 32 35 40 35 43 30 46 35 34 46 48 49 33 48 30 45 46 46 48 45 39 30 40 38 46 37 38 30 49 48 51 31 52 29 45 30 46 32 40 31 46 30 50 29 29 34 35 32 44 28 39 39 52 37 34 33 50 33 31 29 30 35 34 30 29 48 30 39 45
2 31 48 36 40 37 52 43 46 49 35 39 48 39 38 33 34 30 43 40 32 34 45 41 39 31 35 52 29 30 33 33 34 29 32 37 43 37 44 48 40 37 52 44 31 30 41 38 34 48 48 30 51 38 35 45 50 34 35 47 32 29 50 47 30 29 29 36 34 39 34 31 30 50 35 51 42 30 34 37 42 32 36 47 44 41 50 29 48 31 36 45 49 48 38 40 33 40 29 42 37
3 16 23 27 20 21 17 24 22 24 25 22 23 22 26 21 28 19 17 20 27 25 26 19 28 23 26 17 20 16 24 18 17 22 17 23 17 19 16 27 25 20 24 28 28 23 16 26 25 23 24 16 24 20 21 20 27 28 16 27 21 27 17 17 19 16 18 24 20 20 27 19 20 18 18 21 18 28 21 24 25 27 27 26 17 28 19 18 27 18 24 21 27 17 21 20 29 24 19 17 28
4 51 56 38 41 43 55 33 45 56 34 56 48 37 32 45 49 40 56 56 39 47 52 44 40 33 36 54 33 37 35 55 31 46 33 40 51 41 32 45 38 36 34 50 41 38 47 36 38 45 56 38 31 32 47 45 54 46 53 36 31 33 42 43 49 37 37 34 55 40 55 50 49 51 34 37 38 54 32 40 31 45 43 40 37 45 30 52 47 44 55 34 49 41 34 43 34 50 43 53 30
5 13 21 20 13 16 14 13 14 21 19 15 15 12 18 21 19 22 14 16 19 21 14 18 18 17 14 13 19 18 19 21 17 13 21 17 18 16 17 15 19 18 20 17 19 15 18 20 16 14 13 20 18 13 16 21 12 18 20 17 14 18 12 18 18 16 17 12 14 15 21 14 18 14 17 17 17 17 19 22 16 14 15 17 14 20 16 15 21 22 13 12 16 14 13 21 14 14 15 20 13
6 12 10 15 13 10 13 15 10 14 15 9 14 10 12 10 14 11 15 15 10 14 15 9 9 12 10 14 15 15 12 14 13 9 9 12 9 9 13 14 12 15 14 14 12 9 14 8 15 12 9 12 14 13 11 15 10 12 13 14 12 11 14 12 11 15 9 15 15 9 14 10 13 14 9 13 10 14 11 10 14 10 9 15 15 9 8 14 12 11 10 15 13 16 14 10 10 9 14 14 9
7 26 26 26 29 38 27 27 38 31 38 28 35 39 35 44 25 34 26 25 27 24 25 39 37 33 37 26 24 42 29 24 27 34 43 44 31 38 44 41 26 26 34 26 42 35 32 28 34 29 29 27 39 36 39 40 34 32 44 42 29 42 40 28 33 42 24 26 32 26 35 40 36 25 41 29 25 28 35 35 26 28 28 30 43 37 43 27 28 43 36 39 34 25 33 26 24 25 30 30 24
8 30 24 36 22 35 38 38 38 22 26 32 35 26 23 24 33 25 32 34 25 37 24 24 38 37 30 38 22 39 23 33 25 33 27 31 37 40 22 23 25 26 37 27 23 26 37 27 29 32 22 37 30 25 30 28 36 38 33 33 35 35 27 38 36 33 36 33 36 32 35 26 35 28 40 25 38 30 31 25 30 35 24 37 40 31 28 28 33 38 29 36 28 39 22 28 40 38 36 33 37
9 32 43 47 49 36 46 32 50 50 30 29 45 46 40 44 46 34 48 32 29 45 43 42 50 27 38 48 43 40 44 35 47 40 29 34 34 50 36 38 36 31 47 29 30 29 37 41 38 27 48 28 43 28 41 43 32 48 33 30 43 36 33 29 38 41 45 33 42 41 38 44 47 33 38 33 40 28 47 46 46 34 36 41 43 45 48 31 27 44 29 35 33 48 50 42 29 44 29 50 33
10 49 48 49 39 37 30 46 40 42 38 36 52 49 48 51 45 51 47 35 39 36 40 40 41 40 37 42 38 33 50 43 52 44 31 43 36 30 47 46 32 34 33 43 45 39 48 37 46 52 39 35 36 49 53 40 44 52 50 37 45 42 47 46 32 34 36 40 35 54 44 46 31 34 33 53 33 36 44 31 54 45 37 47 48 32 50 53 48 44 42 30 46 38 44 33 34 30 35 51 33
11 42 39 47 44 32 28 46 28 34 35 33 34 33 45 49 32 46 28 47 36 35 39 45 40 34 43 41 50 32 37 36 45 43 50 37 48 33 48 41 42 31 40 30 29 36 29 49 29 43 49 28 46 47 40 30 31 38 42 49 44 51 29 31 41 29 33 50 28 45 42 28 38 32 51 44 30 33 48 29 39 45 40 35 50 37 41 48 39 39 46 31 31 39 38 35 35 40 29 29 39
12 10 8 8 7 10 8 8 12 11 8 10 8 11 12 12 7 10 8 8 7 9 8 9 9 12 12 12 8 8 8 11 9 8 11 12 9 9 11 11 8 12 9 10 10 13 12 10 9 8 12 9 11 9 13 10 10 12 9 8 11 11 9 11 9 8 7 12 8 9 12 10 9 8 12 11 11 11 11 12 10 10 12 9 9 12 9 13 10 10 10 12 10 11 8 7 12 11 10 9 7
13 21 23 34 24 27 24 33 34 25 19 27 28 21 24 28 23 23 23 29 25 24 21 33 32 21 21 19 35 23 24 30 28 30 23 25 27 35 20 30 30 34 22 20 32 20 33 20 29 35 23 27 29 20 27 21 20 24 29 31 25 31 22 28 30 20 32 26 21 23 19 25 32 34 20 23 31 20 27 24 26 21 25 32 20 32 28 29 25 27 19 25 34 25 25 28 33 26 26 20 33
14 31 39 37 28 43 41 40 38 35 45 39 43 30 31 39 43 27 38 43 40 45 31 27 28 31 42 39 44 43 49 42 37 45 45 46 41 44 45 42 36 29 34 49 45 27 46 45 31 47 30 27 27 41 45 41 35 30 41 29 33 44 32 46 32 47 43 47 48 33 39 35 44 42 34 29 32 41 30 30 29 31 43 39 36 30 47 30 45 43 48 38 35 39 41 40 44 38 37 44 46
15 34 32 45 45 33 30 47 32 27 38 25 43 40 41 31 42 45 28 26 35 41 44 29 38 45 29 28 46 28 30 41 32 43 31 47 43 36 34 34 38 44 26 45 30 43 46 31 33 37 35 43 42 31 29 25 39 31 28 28 34 33 35 38 40 28 40 40 28 37 46 45 40 39 39 32 42 26 34 40 29 45 30 27 40 30 36 29 38 33 41 43 32 45 34 40 25 33 47 44 42
16 17 23 21 20 22 21 17 14 21 16 14 23 21 15 18 17 13 15 15 13 13 15 18 14 23 18 17 13 21 20 17 20 16 23 17 14 14 21 14 17 18 13 15 17 16 21 22 20 21 21 20 15 17 17 15 21 18 18 20 16 17 17 23 13 20 13 15 23 17 17 17 16 21 19 20 14 13 13 13 13 13 20 15 18 14 18 15 18 15 23 17 16 21 13 23 19 16 14 19 16
17 30 47 45 43 44 35 33 34 36 42 47 32 48 45 45 49 32 38 43 32 32 37 37 37 34 37 47 35 46 38 30 49 33 45 48 39 48 49 36 45 33 28 43 27 28 35 28 35 35 37 29 30 40 48 30 45 31 44 27 33 36 47 47 49 45 41 48 31 28 33 41 36 43 43 47 39 40 46 30 27 31 34 35 37 29 49 49 37 40 29 48 38 42 39 29 32 45 41 49 34
18 12 11 18 13 18 14 19 17 16 16 14 16 15 15 18 15 14 15 11 13 12 12 13 14 12 16 15 19 15 17 13 12 19 17 17 13 14 15 18 19 17 16 15 14 12 11 16 11 15 17 11 13 15 13 17 13 15 12 19 18 16 17 16 13 13 13 15 18 15 17 11 15 18 13 12 16 15 18 17 18 14 13 18 13 14 11 13 19 13 11 12 15 17 13 18 13 16 16 15 15
19 11 10 11 8 12 11 11 13 10 12 9 10 12 12 11 10 13 9 10 8 11 12 11 14 9 8 14 13 14 12 13 14 12 12 11 9 12 13 13 9 13 13 14 12 11 12 13 12 14 10 10 9 9 10 14 11 10 11 12 14 8 14 14 13 13 14 9 11 13 12 8 12 8 10 12 8 8 10 14 14 8 11 9 8 11 14 14 12 10 10 13 13 10 8 12 13 10 12 10 13
20 59 51 43 38 36 39 37 53 35 60 36 55 43 53 45 34 50 36 57 45 39 59 51 51 59 57 61 37 59 38 47 46 61 56 55 59 38 42 49 38 60 48 60 47 39 48 47 42 40 60 55 49 43 62 43 57 59 60 47 46 62 53 54 34 61 58 53 49 56 38 53 37 57 41 43 45 38 37 61 42 54 40 48 61 41 42 38 49 62 57 36 37 37 51 54 60 52 50 59 54
21 31 33 20 31 28 32 32 29 24 32 25 19 22 34 32 22 21 35 24 34 22 19 20 24 23 34 19 20 33 20 27 34 28 21 27 23 32 22 35 20 21 23 23 25 28 19 25 34 35 32 29 30 34 21 20 19 28 27 29 24 34 28 26 23 19 30 28 29 30 20 22 33 30 24 28 28 27 25 25 22 32 30 21 34 24 28 29 29 21 30 22 27 21 23 24 22 27 26 24 23
22 50 30 36 46 35 33 50 34 54 49 42 54 52 53 37 35 44 53 36 32 34 52 39 51 41 37 30 38 51 32 42 53 44 49 50 31 43 33 53 42 39 34 42 54 37 36 33 31 46 49 32 52 36 33 42 51 44 36 33 47 47 37 40 31 41 48 54 49 34 44 51 34 45 53 45 34 48 46 36 41 33 54 44 54 50 36 30 48 36 49 36 54 48 52 50 51 39 36 32 54
23 16 27 23 21 19 21 25 23 19 19 21 24 25 26 23 24 21 23 22 24 26 16 22 26 24 27 20 17 21 19 18 26 18 19 24 24 23 18 21 24 16 24 26 15 19 17 22 15 27 25 25 26 15 26 23 16 18 21 18 23 19 17 26 26 26 18 17 17 17 22 23 20 23 20 22 19 19 18 19 24 24 25 26 23 26 23 24 19 17 25 21 15 26 23 16 15 27 24 17 26
24 18 17 16 19 16 19 18 18 20 18 19 16 15 19 13 19 14 16 15 15 18 17 18 12 17 20 14 13 14 14 18 16 12 14 20 19 18 18 16 21 20 19 12 16 17 12 14 14 13 13 13 15 19 20 15 17 17 17 14 18 19 15 15 14 11 15 20 13 13 14 18 14 14 11 13 13 19 11 16 14 13 19 12 15 16 20 11 17 19 18 17 17 15 13 15 12 19 17 17 20
25 38 23 38 40 37 30 33 23 31 39 26 23 33 28 39 34 29 26 37 25 37 34 35 25 22 34 22 23 28 29 33 34 38 40 31 32 24 26 27 31 31 30 22 22 39 40 40 36 37 30 23 32 39 26 33 32 34 31 27 38 28 39 23 33 37 35 37 29 37 32 38 29 33 30 39 40 32 36 29 25 34 22 35 37 23 29 25 40 36 33 36 22 29 32 34 22 22 29 38 35
26 33 24 32 40 35 26 36 30 39 38 41 36 35 31 24 25 27 26 31 26 38 34 26 23 26 29 38 38 40 31 41 29 36 31 37 31 32 29 31 30 38 23 31 24 38 33 23 37 35 40 25 35 39 26 33 28 28 38 34 34 35 40 36 39 37 34 27 26 30 32 38 25 26 40 39 37 23 25 28 24 30 23 33 26 37 26 38 41 40 32 26 34 36 35 31 41 37 41 23 23
27 26 27 28 18 24 27 16 17 28 18 28 20 17 19 24 21 22 25 21 20 22 19 17 23 27 27 29 30 29 16 20 24 22 23 26 30 27 23 20 16 20 21 18 27 17 21 26 17 30 18 27 25 24 22 28 30 20 24 19 22 21 17 24 27 18 18 17 25 28 28 29 29 26 21 18 23 26 28 27 25 27 20 19 17 23 24 20 20 22 18 17 25 26 19 26 18 22 16 22 30
28 26 38 46 41 28 39 42 43 38 39 29 28 39 35 38 35 31 41 44 34 25 46 40 42 35 33 28 41 26 33 30 31 30 35 27 35 46 39 42 40 37 37 27 46 30 29 31 25 37 35 41 41 29 34 34 32 33 42 35 41 45 28 30 29 45 35 38 27 40 43 26 30 38 32 29 37 29 43 29 33 39 35 29 28 35 34 29 36 45 28 45 25 32 39 31 25 26 38 44 40
29 20 19 16 21 17 17 13 14 19 16 21 16 19 17 16 21 21 20 16 16 12 22 20 13 13 15 15 15 21 14 22 21 16 21 13 16 20 20 12 12 16 19 13 17 18 21 18 21 16 20 17 16 14 20 13 12 16 12 12 13 19 13 14 17 12 15 16 20 21 20 21 12 18 15 18 16 17 12 18 12 18 19 15 14 14 22 13 19 18 19 19 12 13 20 16 16 19 19 20 14
30 26 27 28 25 36 26 39 45 41 43 36 34 29 43 33 26 42 43 31 38 42 33 42 29 45 41 42 29 42 34 41 41 25 28 27 31 33 30 38 28 37 38 43 34 25 26 35 36 44 26 28 31 34 36 34 34 25 41 41 40 44 42 37 27 26 35 38 35 36 41 28 28 37 29 36 34 27 34 45 35 45 36 25 33 45 38 25 33 29 43 31 36 42 32 30 41 35 41 43 41
31 41 54 35 40 34 51 52 54 35 51 54 54 34 54 31 49 38 42 40 31 48 41 30 52 43 51 43 34 47 44 37 50 43 33 42 32 34 31 45 35 47 40 39 30 50 50 44 40 43 47 53 33 32 36 42 47 50 39 31 54 54 54 40 54 46 52 36 50 44 37 36 38 30 30 45 47 38 44 40 40 48 39 48 45 35 34 44 42 49 54 32 30 35 30 45 52 42 35 55 33
32 22 29 32 29 29 32 34 22 25 25 30 21 25 34 27 24 26 24 24 26 25 29 27 20 35 30 26 34 24 25 26 35 25 21 35 26 36 27 29 30 34 30 30 32 22 24 26 36 37 35 26 31 30 25 37 25 23 29 32 31 27 23 34 31 30 29 25 23 37 29 23 22 32 23 30 32 37 29 27 33 31 24 30 31 24 34 30 35 34 26 34 37 24 29 28 32 27 25 35 28
33 31 36 24 37 33 23 30 38 24 23 34 37 34 33 30 39 29 41 23 30 42 23 31 40 30 30 37 28 24 23 26 41 31 23 35 38 30 36 32 37 38 29 39 34 34 29 26 40 24 25 31 28 26 25 33 32 30 41 38 30 34 34 39 31 26 28 24 41 26 36 36 31 32 27 29 41 32 37 38 39 29 41 30 29 27 32 28 35 38 24 41 40 32 41 28 28 25 41 27 38
34 50 32 46 39 39 49 44 53 56 38 41 36 39 33 49 48 59 41 36 55 36 40 46 55 32 38 52 49 51 33 57 47 40 55 36 51 34 33 55 49 41 46 53 52 45 45 33 44 50 55 33 56 56 54 34 49 39 37 59 42 33 50 43 57 40 45 37 33 58 48 40 39 40 45 40 47 53 44 53 46 51 59 55 45 40 48 34 44 55 44 56 41 38 54 38 49 37 48 58 45
35 38 46 50 49 35 34 50 45 53 50 57 40 53 53 37 49 37 40 35 50 33 47 40 35 55 38 54 43 32 33 49 44 53 54 47 49 48 47 47 45 39 45 43 41 50 40 41 48 54 47 55 58 39 49 49 46 37 33 42 58 35 33 58 57 37 42 45 40 56 36 43 52 46 56 52 38 53 46 56 46 45 54 56 34 36 44 36 58 55 32 36 35 33 34 39 46 51 32 52 43
36 28 43 43 28 41 33 49 32 41 42 35 30 41 35 40 40 33 45 47 41 30 35 44 34 40 38 45 44 34 30 29 29 42 34 44 37 43 32 41 48 29 38 36 47 32 45 41 35 31 33 32 49 46 45 37 33 42 34 49 29 30 27 36 39 45 36 44 31 47 47 43 36 41 42 28 38 30 35 41 29 40 45 39 49 44 38 27 27 45 43 30 33 45 48 37 34 42 42 30 33
37 27 39 36 33 34 33 35 26 25 33 30 28 33 30 22 25 24 34 40 24 30 38 23 33 34 38 23 27 36 28 39 33 25 36 33 37 37 39 26 24 33 31 24 37 27 34 38 39 34 40 26 23 37 31 38 29 24 35 28 37 27 37 29 28 39 32 38 27 30 26 24 33 32 25 38 37 40 37 24 28 31 32 25 25 30 40 34 22 31 23 22 35 39 28 34 38 24 27 28 25
38 37 28 38 24 36 38 38 39 35 24 33 23 38 39 30 33 41 23 30 27 34 40 24 34 28 39 32 42 23 33 41 31 26 41 41 37 35 24 29 39 35 26 40 23 42 36 30 33 37 23 22 23 29 31 34 23 23 37 34 29 23 29 24 29 24 31 32 28 27 29 27 41 32 33 29 41 33 26 32 34 37 37 36 30 38 35 34 36 24 39 27 34 33 37 38 26 25 37 30 35
39 12 11 14 10 11 9 9 12 15 12 12 15 15 11 11 11 14 9 12 10 13 11 11 15 12 12 11 11 11 12 13 9 10 11 9 15 12 10 15 14 14 13 12 9 15 15 13 15 10 9 15 12 10 14 13 9 14 11 11 9 12 12 15 8 11 12 12 11 11 9 11 11 13 11 12 14 10 13 9 12 13 14 10 15 13 11 10 9 9 13 10 15 10 9 13 9 13 10 13 11
40 17 9 10 15 12 11 15 11 12 14 13 13 13 10 11 11 15 9 11 16 12 11 12 13 10 13 12 10 14 14 13 15 15 15 14 11 15 11 14 12 13 12 15 11 15 17 13 17 11 16 12 13 10 11 12 11 16 14 10 14 14 13 16 16 15 11 12 17 10 10 16 14 15 14 14 15 10 12 12 14 15 10 10 16 13 10 11 16 12 14 10 17 17 14 12 14 11 16 9 13;
param maxIb: 1 :=
1 52
2 52
3 2.860000e+01
4 5.590000e+01
5 2.210000e+01
6 1.560000e+01
7 4.420000e+01
8 4.030000e+01
9 5.070000e+01
10 5.460000e+01
11 5.070000e+01
12 13
13 3.510000e+01
14 4.940000e+01
15 4.680000e+01
16 2.340000e+01
17 4.940000e+01
18 1.950000e+01
19 1.430000e+01
20 6.240000e+01
21 3.510000e+01
22 5.460000e+01
23 2.730000e+01
24 2.080000e+01
25 4.030000e+01
26 4.160000e+01
27 2.990000e+01
28 4.680000e+01
29 2.210000e+01
30 4.550000e+01
31 5.460000e+01
32 3.770000e+01
33 4.160000e+01
34 5.980000e+01
35 5.850000e+01
36 4.940000e+01
37 4.030000e+01
38 4.160000e+01
39 1.560000e+01
40 1.690000e+01;
param tempoe=0.002969;
