param nvertices=10; #numero de vertices
param ndemandas=40; #numero de demandas
param capacidadeij: 1 2 3 4 5 6 7 8 9 10 :=
 1 100 100 100 100 100 100 100 100 100 100
2 100 100 100 100 100 100 100 100 100 100
3 100 100 100 100 100 100 100 100 100 100
4 100 100 100 100 100 100 100 100 100 100
5 100 100 100 100 100 100 100 100 100 100
6 100 100 100 100 100 100 100 100 100 100
7 100 100 100 100 100 100 100 100 100 100
8 100 100 100 100 100 100 100 100 100 100
9 100 100 100 100 100 100 100 100 100 100
10 100 100 100 100 100 100 100 100 100 100; #Capacidade de banda de comunicacao de cada arco
param Adj: 1 2 3 4 5 6 7 8 9 10 := 
1 0 0 0 0 0 1 0 0 1 1
2 0 0 1 0 1 0 0 0 0 1
3 0 1 0 1 1 0 0 1 0 0
4 0 0 1 0 0 0 1 1 0 0
5 0 1 1 0 0 0 0 0 0 1
6 1 0 0 0 0 0 0 0 0 1
7 0 0 0 1 0 0 0 1 1 0
8 0 0 1 1 0 0 1 0 0 0
9 1 0 0 0 0 0 1 0 0 1
10 1 1 0 0 1 1 0 0 1 0;  #Matriz de adjacencia da topologia
param I: 1 2 3 :=
1 2.000000 10.000000 10.000000
2 3.000000 7.000000 16.000000
3 6.000000 9.000000 17.000000
4 9.000000 6.000000 13.000000
5 2.000000 10.000000 19.000000
6 3.000000 1.000000 11.000000
7 9.000000 1.000000 16.000000
8 9.000000 5.000000 17.000000
9 9.000000 4.000000 14.000000
10 1.000000 4.000000 17.000000
11 7.000000 3.000000 15.000000
12 4.000000 3.000000 18.000000
13 10.000000 9.000000 13.000000
14 10.000000 4.000000 10.000000
15 10.000000 3.000000 19.000000
16 4.000000 8.000000 16.000000
17 2.000000 1.000000 11.000000
18 6.000000 8.000000 12.000000
19 9.000000 2.000000 13.000000
20 6.000000 4.000000 16.000000
21 4.000000 8.000000 13.000000
22 8.000000 6.000000 13.000000
23 6.000000 4.000000 19.000000
24 5.000000 9.000000 12.000000
25 4.000000 2.000000 18.000000
26 1.000000 7.000000 13.000000
27 10.000000 9.000000 15.000000
28 9.000000 2.000000 16.000000
29 7.000000 9.000000 16.000000
30 5.000000 8.000000 14.000000
31 10.000000 3.000000 15.000000
32 8.000000 1.000000 11.000000
33 1.000000 6.000000 14.000000
34 9.000000 10.000000 10.000000
35 10.000000 3.000000 15.000000
36 2.000000 7.000000 16.000000
37 7.000000 2.000000 12.000000
38 4.000000 1.000000 14.000000
39 8.000000 3.000000 10.000000
40 7.000000 4.000000 19.000000;
param Ib: 1 2 3 4 5 6 7 8 9 10 11 12 13 14 15 16 17 18 19 20 21 22 23 24 25 26 27 28 29 30 31 32 33 34 35 36 37 38 39 40 41 42 43 44 45 46 47 48 49 50 51 52 53 54 55 56 57 58 59 60 61 62 63 64 65 66 67 68 69 70 71 72 73 74 75 76 77 78 79 80 81 82 83 84 85 86 87 88 89 90 91 92 93 94 95 96 97 98 99 100 :=
1 9 9 12 10 10 12 15 12 13 11 14 15 10 15 10 11 9 11 10 12 12 16 9 9 15 11 11 15 14 12 10 9 10 15 14 9 12 15 14 10 13 9 9 12 11 11 9 15 12 12 10 11 11 12 15 13 15 11 13 12 12 9 14 13 13 14 11 15 14 15 9 15 13 9 9 13 12 15 13 12 11 12 13 10 12 14 11 13 13 15 15 13 9 14 12 9 9 12 16 14
2 34 60 50 40 45 59 54 60 42 50 37 52 53 59 44 38 37 35 55 63 49 40 57 61 37 40 50 49 45 34 44 51 57 52 50 41 52 60 63 58 59 48 39 55 49 38 36 47 55 40 44 60 56 41 54 39 48 39 59 38 49 57 40 55 48 43 52 44 35 44 44 54 46 60 46 36 34 49 63 35 45 60 40 53 56 47 40 42 58 56 37 50 62 45 46 62 60 53 40 50
3 12 13 14 17 11 10 15 10 17 11 12 18 14 18 14 18 16 17 14 13 16 14 12 15 14 15 13 14 14 13 10 11 13 12 16 12 14 18 17 15 14 15 16 12 15 11 11 10 16 14 16 11 13 14 12 12 13 17 11 15 17 17 16 16 13 14 11 11 16 12 18 12 15 14 18 18 14 16 13 10 17 16 17 14 16 17 10 11 13 17 13 16 13 15 16 10 13 15 14 14
4 30 31 31 30 27 36 35 29 33 35 30 26 36 23 26 33 34 35 33 24 27 36 25 35 21 32 25 28 26 24 38 31 25 31 33 27 33 38 36 34 28 23 25 32 37 32 30 31 30 29 25 23 27 22 32 22 36 34 22 22 35 36 34 38 29 27 28 26 25 31 30 26 37 32 29 25 32 36 22 25 30 37 25 29 26 33 27 23 35 27 36 21 21 22 38 39 31 28 27 37
5 10 11 11 17 16 12 16 10 10 15 18 15 14 14 16 17 17 15 14 15 12 13 16 15 15 15 16 16 12 13 16 15 14 16 13 11 12 13 13 17 11 18 13 10 13 16 14 12 12 12 13 18 11 17 13 11 10 18 12 15 17 10 12 17 18 13 18 14 12 12 17 18 15 16 13 13 13 13 14 11 18 15 16 11 12 10 11 11 12 13 17 12 13 18 14 15 16 14 13 15
6 18 21 29 22 18 20 22 24 27 24 22 30 17 28 19 29 28 20 26 25 18 25 29 24 26 30 17 28 23 20 19 18 24 19 19 27 23 24 18 26 26 19 21 17 30 29 28 23 18 28 17 21 22 24 18 26 23 23 30 26 18 26 24 26 28 22 26 28 28 27 25 20 31 19 22 19 22 17 26 25 24 28 25 23 30 31 27 29 27 21 18 26 21 24 22 21 28 25 22 22
7 33 39 23 40 32 24 38 25 32 28 43 27 24 28 28 23 40 41 39 29 32 42 24 31 31 25 27 39 36 35 37 24 36 28 28 28 31 43 28 27 27 23 28 40 29 27 33 42 28 42 34 36 33 40 26 36 33 28 37 36 34 30 41 27 29 26 39 32 29 42 39 24 35 42 42 32 25 24 40 24 25 43 40 43 33 32 38 25 33 37 26 26 26 39 39 37 40 42 27 26
8 27 44 43 28 34 35 30 39 43 43 41 27 42 40 28 24 38 28 43 37 40 31 25 27 34 24 25 31 41 31 44 25 29 26 44 42 24 32 36 26 33 40 40 40 36 41 40 35 40 44 44 28 24 24 32 42 37 35 36 36 27 37 27 37 34 25 34 27 31 29 38 44 43 40 27 36 30 25 32 27 31 43 35 27 35 25 44 31 30 30 41 31 29 27 40 42 33 27 43 32
9 25 38 30 41 30 34 37 35 40 33 35 40 26 28 41 34 43 32 44 32 41 31 30 35 43 34 43 37 36 24 31 39 27 25 29 41 39 27 37 43 26 29 29 32 37 27 36 26 27 28 33 33 39 25 32 41 29 31 28 27 30 40 26 34 34 37 36 31 44 33 33 28 38 26 36 38 33 38 29 42 37 33 34 35 43 33 44 24 32 24 29 30 36 43 44 29 42 24 30 36
10 12 13 9 11 13 13 10 10 10 12 14 13 8 9 9 8 14 14 10 9 10 12 10 12 13 9 14 13 11 11 10 13 12 8 12 9 12 12 11 8 11 14 9 8 10 12 13 11 12 12 13 13 9 9 9 13 10 9 11 9 13 9 8 9 11 14 11 8 9 10 12 12 12 8 14 11 13 10 12 12 14 11 9 11 12 11 12 11 10 13 8 9 11 13 12 11 9 9 12 14
11 56 54 41 57 41 50 33 40 52 50 50 51 47 49 46 36 52 54 33 43 54 33 44 46 54 35 40 37 51 47 37 54 51 56 54 59 52 43 43 48 51 53 43 42 36 44 33 40 51 50 52 50 42 42 43 56 57 38 41 32 42 34 43 49 44 42 41 33 47 42 56 59 48 43 57 58 47 54 44 43 38 48 56 39 47 58 38 47 56 54 45 40 42 42 45 43 52 44 35 39
12 24 26 28 23 24 29 22 30 19 22 29 29 27 24 28 25 30 21 28 29 20 31 23 28 21 24 19 24 18 26 25 19 23 29 24 26 30 26 24 24 30 17 23 21 20 31 30 20 26 19 22 26 30 26 18 20 20 18 20 29 25 20 20 30 20 22 18 21 29 31 23 31 21 20 23 23 26 17 31 31 29 28 19 25 18 24 17 28 24 18 27 27 21 26 28 24 25 26 25 25
13 39 31 26 35 28 36 30 31 25 25 33 44 43 37 32 33 41 40 36 36 31 30 44 42 36 32 42 40 38 41 42 35 37 36 39 36 28 39 42 30 29 25 28 33 36 39 42 34 40 43 37 41 25 43 38 40 30 30 36 24 38 41 26 38 32 31 43 32 37 25 38 39 42 26 26 25 35 30 40 36 37 41 31 38 24 41 36 33 27 37 37 28 24 35 39 27 25 28 32 28
14 18 15 15 25 17 15 26 23 17 23 25 16 21 17 16 23 25 19 21 24 23 16 18 24 18 26 17 23 24 26 23 26 15 14 25 23 15 16 26 15 16 21 19 25 17 14 21 21 23 17 21 16 16 16 18 24 15 19 22 16 22 25 22 22 21 17 18 15 15 17 17 19 23 20 23 18 24 14 15 23 17 15 19 17 16 21 20 19 20 20 25 22 17 14 18 25 20 25 16 26
15 43 35 52 31 37 36 34 56 34 54 37 48 50 35 45 48 34 55 54 45 42 51 50 32 43 33 41 53 39 37 43 32 36 39 33 35 45 41 48 42 52 39 42 48 31 31 44 36 49 39 54 48 35 33 51 34 53 30 34 45 33 52 53 46 42 40 49 46 42 38 56 47 36 51 53 30 31 33 35 43 38 37 32 36 36 45 55 39 40 50 54 46 55 36 55 41 33 53 53 42
16 21 14 23 15 15 25 24 18 19 24 19 23 25 16 23 21 18 21 23 18 16 18 17 23 17 22 18 21 15 18 20 18 14 24 20 16 20 23 26 24 25 16 19 22 20 17 24 25 16 17 14 22 25 19 21 18 16 23 25 16 16 21 19 20 15 21 19 17 15 14 21 16 24 19 19 25 16 17 15 23 17 15 15 22 21 16 22 23 24 17 15 16 14 22 24 24 19 23 19 26
17 25 29 22 30 22 24 22 21 24 21 30 20 28 31 29 26 23 22 19 28 23 19 24 20 19 28 21 28 24 29 22 20 30 29 27 29 27 31 24 23 28 24 27 30 24 17 28 31 23 31 25 28 25 23 19 29 23 29 19 22 27 27 29 18 29 26 22 17 22 28 30 17 20 18 17 28 26 30 19 30 30 30 20 17 18 23 18 31 27 24 19 28 22 29 22 22 21 23 18 20
18 47 40 45 44 40 37 32 44 46 42 47 38 33 35 43 34 45 38 42 39 32 29 47 35 47 29 38 29 42 30 31 48 43 51 42 32 42 36 52 34 35 43 28 35 44 33 48 29 35 47 51 33 46 34 51 49 46 44 47 34 52 30 32 42 32 31 39 38 35 40 48 43 30 46 34 34 48 52 51 44 37 51 45 38 42 50 41 44 36 46 51 49 43 43 39 50 48 35 47 46
19 20 33 28 34 31 27 32 25 31 26 31 22 30 31 27 33 26 34 24 35 32 24 22 25 28 23 36 27 28 20 24 36 31 31 31 31 28 32 21 30 25 35 28 26 24 35 35 26 23 27 20 25 25 20 28 21 20 22 31 22 34 20 30 34 31 24 24 31 34 23 34 34 24 33 26 27 26 28 29 36 28 34 29 32 27 33 28 33 28 34 31 24 27 33 35 21 31 30 34 22
20 38 30 35 26 26 27 36 37 27 34 25 27 23 40 29 38 29 37 36 37 26 35 26 30 33 34 28 24 29 27 32 35 28 40 31 35 41 28 27 40 30 31 39 23 34 32 38 28 39 36 28 22 28 32 26 40 32 27 28 26 27 23 28 25 31 31 30 39 26 39 31 33 26 35 29 32 36 31 39 24 27 41 32 27 36 32 26 28 34 25 39 27 23 30 34 32 37 23 40 33
21 32 26 33 35 31 42 43 28 45 28 42 45 40 46 40 29 26 27 43 30 32 37 27 35 38 38 33 36 46 32 41 42 30 28 44 28 42 35 32 42 46 46 43 31 40 27 36 42 43 46 28 42 27 26 37 44 42 35 26 45 38 46 45 32 37 41 44 42 34 42 45 28 42 43 47 34 33 44 43 38 28 37 46 31 43 43 28 32 43 37 44 37 34 43 45 44 44 34 44 44
22 43 47 40 43 40 32 45 43 34 43 31 40 40 32 52 50 34 36 50 46 53 33 33 40 39 52 46 53 32 48 45 54 56 48 46 32 36 40 53 39 48 54 30 35 36 52 49 47 37 32 45 33 50 51 40 56 46 54 45 44 31 54 35 39 54 36 43 45 34 46 49 32 42 34 30 52 42 48 35 53 45 43 35 44 33 38 47 38 49 35 54 37 35 42 33 50 46 48 49 32
23 41 33 41 48 38 43 39 33 40 39 40 45 32 53 47 48 30 47 47 43 37 32 44 52 44 34 50 32 38 53 42 43 32 32 39 35 35 53 43 32 37 33 35 44 36 37 48 36 45 50 47 51 31 38 34 43 33 41 30 30 54 38 34 46 31 30 45 34 38 30 35 54 43 35 38 44 41 46 33 43 42 47 48 38 38 33 41 30 37 46 30 35 33 52 36 47 52 35 41 54
24 18 19 21 19 16 17 14 19 20 13 15 18 18 16 19 23 21 22 16 13 16 17 16 19 19 20 23 16 16 16 18 21 18 19 17 14 21 18 23 17 15 21 16 17 21 18 23 23 15 23 21 23 13 13 14 17 18 23 17 13 23 15 20 17 23 20 22 22 18 16 15 21 14 20 16 15 18 23 21 22 18 13 17 23 19 13 16 15 21 14 20 15 22 17 20 19 23 14 19 17
25 54 52 40 39 41 40 30 37 35 46 34 39 32 46 47 38 33 46 34 47 49 35 43 49 50 44 35 32 34 45 54 38 47 31 55 42 32 44 41 39 35 41 51 35 48 45 39 46 54 56 46 52 50 55 54 44 32 55 48 46 43 42 45 32 33 53 34 56 36 39 56 54 38 32 44 52 42 43 47 41 31 52 42 51 49 51 51 40 43 40 50 34 50 36 32 34 31 34 51 52
26 18 13 19 13 14 11 17 18 13 16 19 19 11 14 16 13 19 17 18 19 18 19 11 11 15 11 12 16 16 14 11 13 12 17 18 18 19 12 18 11 11 14 16 12 15 19 19 18 15 18 15 15 16 16 18 11 14 11 14 13 14 15 18 13 19 14 15 14 16 17 11 12 17 16 19 15 14 13 12 15 13 15 12 11 16 14 15 14 16 14 17 12 12 17 19 14 16 11 17 14
27 30 41 46 38 42 26 42 40 34 38 29 41 34 39 40 27 38 36 34 35 41 39 43 38 43 35 41 42 42 43 37 45 35 44 36 36 26 43 34 33 40 36 41 34 26 28 33 25 27 47 40 36 28 43 27 45 44 27 38 37 41 34 46 36 27 34 33 38 44 41 32 36 39 38 36 28 30 41 42 28 26 40 37 39 38 28 38 45 29 42 41 32 37 38 26 26 39 44 43 43
28 29 26 28 21 26 26 20 29 32 34 29 32 19 22 28 22 24 21 24 21 28 31 34 31 24 25 32 27 31 34 25 27 32 28 31 24 27 25 35 25 29 25 32 22 25 32 34 22 28 27 35 19 32 31 34 26 34 26 27 26 19 31 19 23 35 22 27 21 19 30 22 27 29 20 30 20 35 24 30 25 33 21 23 29 25 30 32 24 28 20 23 34 24 32 21 27 22 34 31 29
29 32 20 32 21 32 34 21 32 20 35 27 34 29 32 26 33 36 36 33 35 32 34 31 20 35 23 34 21 26 21 30 26 31 33 27 22 21 36 25 27 21 36 28 35 26 27 31 31 35 21 34 33 27 20 20 24 27 27 21 25 30 26 25 35 23 34 28 36 27 24 22 32 25 29 34 29 20 30 20 22 25 31 36 22 22 33 32 27 22 21 33 29 27 22 26 24 25 27 20 25
30 12 14 13 16 17 17 11 11 10 17 17 11 14 12 11 13 12 13 12 17 13 10 16 11 12 17 14 16 17 15 16 12 13 17 12 13 13 16 17 11 15 15 10 11 18 10 10 14 18 16 10 17 17 15 14 16 13 14 17 12 16 17 12 18 12 18 16 12 17 15 15 17 13 12 12 12 12 17 18 15 16 16 15 16 16 10 18 11 16 12 10 14 13 14 13 15 16 11 13 17
31 37 29 34 30 32 35 36 35 37 32 30 25 21 25 29 25 25 25 24 23 34 23 32 32 26 26 36 23 31 25 28 30 26 23 34 35 23 22 37 31 32 22 33 35 25 33 27 21 25 28 33 29 35 26 28 29 25 31 26 25 29 23 23 29 22 24 24 21 24 25 30 30 28 32 30 22 32 25 20 22 37 31 25 34 36 30 23 28 26 28 28 36 28 22 30 35 34 27 35 31
32 28 36 36 32 33 40 35 38 46 46 32 38 31 38 34 40 30 47 39 30 44 43 32 31 28 43 37 29 42 40 47 41 27 28 43 37 38 32 47 39 27 26 30 44 29 37 30 30 33 32 44 37 45 36 32 35 39 30 42 26 34 35 39 30 48 36 44 36 40 40 44 47 47 36 30 28 42 29 36 44 40 40 35 34 47 36 26 44 42 40 32 41 32 36 39 36 37 32 33 46
33 43 32 46 41 30 34 46 26 37 41 38 47 35 30 47 42 47 44 29 41 38 44 44 48 28 44 27 28 26 41 35 31 45 33 33 41 27 47 38 38 47 35 33 36 36 45 34 44 33 31 45 37 44 36 28 40 41 41 45 31 39 39 35 28 28 41 36 45 48 41 35 44 45 28 42 30 28 27 45 31 44 48 46 30 39 41 48 44 30 31 34 45 46 37 33 33 38 32 48 47
34 19 21 23 17 26 22 25 26 16 25 23 17 23 22 18 27 23 25 24 25 18 22 16 21 17 23 21 27 15 15 21 24 18 17 18 16 27 26 18 27 15 18 17 24 27 27 15 22 20 23 23 16 27 27 20 18 20 21 16 22 16 26 18 23 24 26 16 27 26 22 17 27 19 24 15 19 15 27 18 18 22 16 18 20 21 22 18 27 17 23 17 26 22 26 24 21 24 25 19 17
35 18 18 27 22 24 21 27 20 16 27 20 15 23 21 22 17 21 21 21 22 26 19 18 19 23 19 26 18 21 17 18 26 19 26 21 17 17 19 19 23 20 16 22 19 21 25 20 15 16 24 19 19 19 19 25 17 18 26 21 17 16 22 25 24 20 20 22 16 18 27 15 18 19 25 23 21 16 24 17 16 26 21 20 21 22 19 23 18 25 21 26 26 23 15 24 19 27 22 26 25
36 31 31 28 26 26 30 34 31 23 39 22 25 28 39 24 29 27 23 33 39 36 22 31 26 24 25 24 26 40 26 30 40 39 36 25 36 27 29 38 33 36 23 26 24 24 27 31 32 35 33 25 22 23 28 27 36 36 22 29 25 38 33 39 24 23 36 39 36 36 26 36 34 28 35 29 39 22 25 27 27 32 30 24 37 29 26 24 38 32 39 35 34 33 31 27 31 29 25 28 37
37 31 28 30 38 25 41 29 40 28 40 33 28 29 38 28 26 25 38 35 34 34 41 23 35 35 36 40 25 38 36 38 29 29 41 29 23 30 39 41 27 38 27 38 33 37 35 31 23 36 31 27 41 33 28 37 29 39 25 27 35 28 26 35 26 24 26 36 30 30 26 30 34 27 23 41 36 41 41 29 38 30 38 28 35 34 35 29 27 34 32 33 37 35 39 36 36 41 25 40 38
38 32 43 32 43 42 33 29 43 31 33 31 27 33 38 43 28 43 35 39 30 40 33 40 31 31 25 46 45 31 32 34 26 30 44 45 34 44 41 37 32 27 32 34 42 44 37 40 45 37 36 31 26 32 37 34 41 44 46 44 46 46 42 26 26 33 38 35 29 40 31 37 28 35 41 30 30 40 40 39 38 31 32 26 32 26 28 31 39 29 39 44 35 27 45 35 44 37 41 33 44
39 28 18 27 17 19 19 23 28 21 19 19 25 23 17 16 18 17 26 20 25 19 18 20 18 27 27 17 24 17 22 22 23 18 28 16 22 28 17 19 18 28 16 16 18 28 16 27 22 18 17 25 24 20 19 18 23 25 28 18 25 27 26 27 23 21 23 17 16 22 28 22 22 27 21 28 17 22 25 21 23 21 25 28 25 27 16 22 19 16 17 20 17 28 26 28 21 26 18 21 16
40 16 14 11 12 11 14 16 17 14 11 18 18 17 17 15 10 13 15 14 11 11 14 18 12 13 12 16 15 18 18 13 13 10 15 14 11 15 18 11 11 11 12 17 16 18 18 16 15 12 15 11 16 13 13 11 13 17 14 14 10 13 13 15 11 16 17 12 14 17 17 13 17 15 10 13 13 13 16 13 18 15 11 17 13 16 15 11 10 18 11 14 16 13 17 15 11 12 18 11 12;
param maxIb: 1 :=
1 1.560000e+01
2 6.370000e+01
3 1.820000e+01
4 39
5 1.820000e+01
6 3.120000e+01
7 4.290000e+01
8 4.420000e+01
9 4.420000e+01
10 1.430000e+01
11 5.980000e+01
12 3.120000e+01
13 4.420000e+01
14 26
15 5.590000e+01
16 26
17 3.120000e+01
18 52
19 3.640000e+01
20 4.160000e+01
21 4.680000e+01
22 5.590000e+01
23 5.460000e+01
24 2.340000e+01
25 5.590000e+01
26 1.950000e+01
27 4.680000e+01
28 3.510000e+01
29 3.640000e+01
30 1.820000e+01
31 3.770000e+01
32 4.810000e+01
33 4.810000e+01
34 2.730000e+01
35 2.730000e+01
36 4.030000e+01
37 4.160000e+01
38 4.680000e+01
39 2.860000e+01
40 1.820000e+01;
param tempoe=0.000432;
