param nvertices=10; #numero de vertices
param ndemandas=40; #numero de demandas
param capacidadeij: 1 2 3 4 5 6 7 8 9 10 :=
 1 100 100 100 100 100 100 100 100 100 100
2 100 100 100 100 100 100 100 100 100 100
3 100 100 100 100 100 100 100 100 100 100
4 100 100 100 100 100 100 100 100 100 100
5 100 100 100 100 100 100 100 100 100 100
6 100 100 100 100 100 100 100 100 100 100
7 100 100 100 100 100 100 100 100 100 100
8 100 100 100 100 100 100 100 100 100 100
9 100 100 100 100 100 100 100 100 100 100
10 100 100 100 100 100 100 100 100 100 100; #Capacidade de banda de comunicacao de cada arco
param Adj: 1 2 3 4 5 6 7 8 9 10 := 
1 0 0 0 0 0 1 0 0 1 1
2 0 0 1 0 1 0 0 0 0 1
3 0 1 0 1 1 0 0 1 0 0
4 0 0 1 0 0 0 1 1 0 0
5 0 1 1 0 0 0 0 0 0 1
6 1 0 0 0 0 0 0 0 0 1
7 0 0 0 1 0 0 0 1 1 0
8 0 0 1 1 0 0 1 0 0 0
9 1 0 0 0 0 0 1 0 0 1
10 1 1 0 0 1 1 0 0 1 0;  #Matriz de adjacencia da topologia
param I: 1 2 3 :=
1 7.000000 8.000000 17.000000
2 1.000000 4.000000 16.000000
3 9.000000 5.000000 14.000000
4 6.000000 2.000000 15.000000
5 4.000000 8.000000 19.000000
6 4.000000 10.000000 13.000000
7 4.000000 2.000000 14.000000
8 1.000000 10.000000 10.000000
9 8.000000 1.000000 15.000000
10 1.000000 3.000000 16.000000
11 10.000000 4.000000 11.000000
12 9.000000 6.000000 13.000000
13 5.000000 1.000000 14.000000
14 9.000000 6.000000 18.000000
15 3.000000 10.000000 17.000000
16 3.000000 2.000000 17.000000
17 2.000000 9.000000 16.000000
18 3.000000 10.000000 14.000000
19 3.000000 1.000000 18.000000
20 5.000000 10.000000 12.000000
21 1.000000 7.000000 19.000000
22 7.000000 4.000000 14.000000
23 5.000000 3.000000 10.000000
24 10.000000 2.000000 16.000000
25 9.000000 5.000000 19.000000
26 8.000000 4.000000 11.000000
27 4.000000 1.000000 14.000000
28 7.000000 4.000000 11.000000
29 7.000000 3.000000 18.000000
30 4.000000 8.000000 11.000000
31 7.000000 3.000000 18.000000
32 5.000000 7.000000 19.000000
33 10.000000 6.000000 15.000000
34 1.000000 3.000000 17.000000
35 9.000000 10.000000 14.000000
36 5.000000 3.000000 16.000000
37 2.000000 4.000000 14.000000
38 8.000000 9.000000 16.000000
39 4.000000 6.000000 19.000000
40 6.000000 2.000000 19.000000;
param Ib: 1 2 3 4 5 6 7 8 9 10 11 12 13 14 15 16 17 18 19 20 21 22 23 24 25 26 27 28 29 30 31 32 33 34 35 36 37 38 39 40 41 42 43 44 45 46 47 48 49 50 51 52 53 54 55 56 57 58 59 60 61 62 63 64 65 66 67 68 69 70 71 72 73 74 75 76 77 78 79 80 81 82 83 84 85 86 87 88 89 90 91 92 93 94 95 96 97 98 99 100 :=
1 37 24 34 23 36 35 30 59 42 58 45 45 22 57 22 29 28 47 43 32 20 31 52 33 58 46 56 53 24 35 41 30 43 32 44 28 38 43 24 46 25 40 21 37 56 38 56 36 43 40 49 50 40 46 55 55 58 20 29 29 42 23 28 37 22 37 50 43 55 60 22 22 43 37 36 43 44 22 44 38 35 22 22 53 24 50 35 59 33 39 55 35 43 25 32 31 36 57 41 24
2 57 30 51 70 44 36 40 37 29 50 33 58 66 66 70 35 41 43 70 45 69 25 71 33 65 51 32 28 59 70 42 50 41 58 48 65 60 46 35 70 62 68 27 59 33 37 44 72 35 63 25 52 64 63 50 64 54 48 67 53 67 52 67 50 40 49 43 71 58 46 46 53 38 31 57 60 69 27 34 61 60 34 44 72 41 51 59 61 70 29 31 27 50 33 35 28 68 32 73 60
3 21 19 18 16 8 21 14 10 22 12 14 18 14 18 11 11 17 13 15 14 8 20 18 10 12 11 12 10 20 13 19 12 18 17 19 14 13 16 10 16 13 19 22 8 12 11 21 13 17 10 8 18 18 14 8 22 9 9 15 16 15 10 19 18 19 13 15 14 20 18 22 17 15 17 17 16 8 9 16 16 13 9 15 18 21 12 21 13 13 18 17 15 14 15 10 9 9 21 18 13
4 25 63 42 52 67 36 65 31 49 48 65 27 50 43 34 64 23 30 33 59 66 46 34 57 40 41 32 64 38 60 26 27 47 65 44 48 43 26 69 50 58 31 63 48 59 31 38 39 35 53 65 53 65 51 37 60 31 64 52 53 31 30 41 35 35 52 38 69 60 50 55 25 40 43 53 36 67 42 65 66 55 44 67 48 31 62 64 57 55 61 24 40 37 47 50 54 53 40 62 66
5 29 38 39 25 18 38 18 23 35 33 34 32 17 30 30 17 33 17 16 16 28 26 15 24 15 14 21 23 30 39 23 20 28 27 27 33 20 37 16 39 24 18 34 25 16 28 29 18 32 32 30 27 38 27 23 24 21 29 18 26 39 39 37 24 17 33 39 32 31 25 23 28 30 40 19 27 19 37 22 18 16 35 22 28 23 40 33 35 30 21 27 38 39 18 25 19 20 35 38 38
6 25 35 27 54 34 33 38 40 30 24 36 56 24 58 48 34 59 37 59 54 49 53 61 27 52 47 25 34 54 33 26 31 44 52 23 61 43 43 61 50 50 30 51 41 61 31 46 48 31 29 26 48 42 23 59 42 38 34 55 51 29 37 50 37 33 43 41 33 49 44 44 34 41 23 62 61 26 52 52 63 51 62 46 57 58 59 52 47 26 52 37 56 22 60 35 57 36 55 36 27
7 61 44 68 56 25 56 26 42 30 67 54 43 30 71 37 59 65 57 43 52 40 31 37 63 49 55 57 66 60 66 52 49 33 64 65 35 54 51 30 60 49 60 64 68 26 25 47 30 26 35 51 37 29 67 33 61 59 56 27 60 59 68 27 43 73 62 31 50 28 28 47 39 34 35 41 52 54 65 66 51 26 31 42 68 43 47 63 42 66 36 44 64 25 49 70 35 63 68 64 38
8 53 49 36 38 31 49 43 37 24 36 37 27 52 34 49 33 42 43 53 49 19 48 26 35 28 50 42 38 35 40 26 52 27 44 42 49 21 24 45 48 37 38 28 23 44 21 39 50 21 36 48 50 30 27 45 36 40 36 20 35 42 50 41 24 40 40 20 51 35 43 19 36 35 27 25 36 38 34 53 49 52 36 41 43 50 47 27 45 51 39 28 49 45 47 52 24 18 54 22 44
9 9 19 15 9 22 24 9 9 21 23 22 9 20 10 9 18 13 22 20 21 12 19 17 13 17 23 20 11 19 15 22 12 19 18 9 9 11 14 9 17 15 23 23 15 13 18 18 11 14 23 18 14 21 21 15 10 19 23 13 21 17 15 21 20 12 17 23 22 10 21 23 19 15 19 23 9 12 20 12 24 14 22 23 23 18 21 23 18 11 13 9 20 10 9 12 20 24 12 19 17
10 10 9 18 13 24 16 12 9 11 19 16 9 11 10 14 12 18 19 18 20 24 10 8 19 15 24 22 19 14 22 18 10 19 22 9 14 18 24 8 17 13 10 13 18 9 11 20 18 10 13 22 23 22 9 15 16 22 13 17 17 18 12 14 21 9 13 23 24 13 15 11 13 18 17 20 11 18 16 9 17 22 20 15 8 9 20 15 22 14 18 11 18 19 9 21 23 17 20 23 21
11 29 36 26 30 14 12 15 20 32 19 28 26 23 18 30 20 33 17 21 19 34 23 14 21 27 21 16 19 22 35 13 30 32 16 12 23 23 23 20 31 26 31 19 22 26 32 13 32 15 35 30 15 34 27 15 30 32 20 14 28 20 34 26 28 18 28 16 31 34 25 35 33 32 34 34 12 18 24 34 33 20 26 23 22 25 21 21 16 22 22 19 17 14 26 23 30 21 35 26 13
12 42 37 45 19 36 23 27 45 25 32 31 22 40 18 38 43 20 48 34 36 49 29 31 27 32 24 23 37 18 26 44 28 20 43 42 20 33 29 44 18 33 41 31 31 18 42 45 33 30 49 29 29 40 40 22 20 35 23 29 33 19 23 30 32 22 21 37 44 33 35 22 49 36 20 47 27 33 47 34 28 49 27 37 18 49 25 29 27 41 25 26 42 45 25 36 21 49 32 41 37
13 34 47 31 61 68 28 50 48 43 44 26 35 35 27 46 45 58 41 69 37 55 43 40 36 25 65 32 61 33 25 60 65 30 38 31 65 48 69 33 50 60 40 58 34 37 29 39 62 30 40 59 71 50 43 59 36 62 71 65 57 38 39 47 53 30 45 50 65 30 42 64 30 72 33 57 67 69 59 72 26 55 25 70 71 67 64 30 55 65 28 41 59 47 29 48 39 59 33 58 62
14 39 19 29 43 48 34 46 52 28 47 30 46 35 37 46 36 49 41 52 55 27 38 48 43 25 45 41 39 48 37 26 28 55 37 54 27 42 34 47 27 44 48 42 40 48 32 44 35 48 31 46 45 24 34 55 22 46 43 34 49 23 31 50 42 49 22 47 46 53 24 40 34 39 22 55 36 31 43 28 30 46 32 53 22 20 36 51 48 19 55 44 24 43 33 25 50 20 42 54 35
15 8 14 15 13 6 13 10 11 7 11 14 12 13 11 7 6 6 12 11 14 9 10 11 10 8 5 15 8 9 9 12 13 5 7 6 14 5 7 8 12 8 15 11 6 5 7 5 15 7 15 7 14 7 14 15 9 13 15 15 6 12 14 13 11 9 12 11 5 15 6 5 7 11 10 7 13 11 13 13 5 12 6 5 7 11 10 8 9 9 11 14 7 12 6 14 9 10 10 13 8
16 27 49 35 26 20 31 26 32 48 49 21 48 50 28 32 17 31 31 24 19 50 42 27 47 25 47 17 50 35 44 48 42 43 21 21 43 37 23 22 40 33 25 31 46 24 18 42 30 28 50 19 18 46 27 42 38 48 32 49 34 41 31 45 46 29 36 41 36 50 43 46 34 29 38 44 22 19 22 25 49 39 49 32 22 28 28 37 44 23 48 24 47 36 20 32 32 20 32 34 39
17 58 45 35 51 22 63 66 47 64 32 32 32 39 50 49 25 58 33 46 56 37 43 24 46 33 34 39 27 51 44 57 45 59 35 25 65 30 49 53 23 52 62 38 33 53 65 60 64 27 43 53 44 26 37 39 53 62 43 37 33 45 58 56 61 40 41 29 38 48 51 37 34 39 34 43 50 51 44 65 56 35 38 26 47 65 58 49 37 54 33 36 62 56 50 46 28 57 59 36 42
18 38 26 46 55 32 25 33 30 24 60 63 68 48 51 34 42 68 57 68 28 35 72 30 56 65 25 54 50 39 51 49 59 48 57 63 53 55 61 64 39 34 26 62 52 56 40 67 25 72 32 36 50 38 30 45 71 57 28 33 54 65 36 58 60 43 70 67 43 44 42 42 62 62 35 49 24 44 63 29 51 32 60 29 71 30 60 47 28 28 38 52 61 44 28 35 60 49 70 51 44
19 43 44 28 29 45 33 52 42 45 44 33 24 39 33 32 50 22 39 42 53 54 50 29 31 42 20 43 19 35 40 45 32 50 19 39 50 41 29 30 26 37 50 25 25 51 23 45 23 53 53 23 43 35 35 42 33 54 36 36 34 38 54 20 32 22 23 54 54 26 33 41 31 46 41 34 56 53 47 52 31 29 24 26 20 52 23 55 55 32 39 45 28 45 25 29 44 41 20 41 51
20 24 47 26 38 49 43 30 49 26 33 27 35 50 44 37 36 42 39 39 21 34 28 21 19 32 39 32 28 36 44 50 21 20 26 24 40 49 36 47 46 32 26 32 26 40 26 17 50 19 51 29 35 31 28 46 18 36 36 37 51 42 27 42 48 44 33 43 33 23 30 35 32 50 35 41 21 43 40 33 31 49 45 23 31 33 19 39 31 48 19 35 29 24 34 43 51 20 24 22 44
21 44 49 35 64 43 48 53 42 44 22 49 40 47 54 52 56 55 24 38 42 60 55 55 25 26 23 44 30 54 41 42 26 32 40 50 28 50 47 33 55 51 60 28 24 58 39 43 45 44 35 35 56 33 36 45 40 24 46 60 58 57 48 34 42 45 64 47 34 51 43 62 53 60 46 46 43 60 35 50 59 29 59 53 46 28 56 36 47 44 57 41 25 24 62 39 24 44 39 62 28
22 63 69 63 67 58 60 42 48 50 29 35 56 61 47 60 47 29 65 24 64 30 28 51 67 59 26 47 63 50 58 59 32 58 36 43 38 56 67 68 25 43 44 43 34 57 32 63 59 44 60 46 67 24 59 29 65 67 43 35 62 70 70 34 40 36 57 42 59 42 31 38 47 27 38 40 63 63 38 55 41 66 34 39 70 55 67 66 68 58 69 29 66 64 32 60 39 25 66 32 28
23 28 12 11 19 26 16 14 26 24 17 13 23 20 24 23 21 20 28 16 22 11 13 16 13 11 10 15 16 10 27 23 20 22 26 26 26 20 21 14 26 27 12 24 24 26 25 13 12 19 16 26 22 28 10 24 10 10 27 21 22 18 15 10 22 17 20 23 12 23 20 22 18 14 21 12 11 28 14 13 21 13 21 20 21 14 16 21 22 10 19 23 15 16 23 26 11 15 28 18 14
24 20 18 20 15 14 11 21 9 8 13 15 10 10 8 10 15 9 13 11 18 16 22 17 19 15 21 21 22 15 12 17 17 14 14 10 18 14 16 20 12 13 11 15 16 11 12 11 14 14 21 12 18 11 13 11 14 16 19 16 15 16 8 20 17 9 15 19 18 21 8 20 16 20 16 15 21 20 16 20 14 14 8 21 20 22 17 13 16 20 19 8 21 14 9 14 9 8 16 21 19
25 43 38 24 16 29 34 35 32 27 23 26 20 32 19 41 29 30 30 26 29 26 38 24 43 31 19 42 33 24 45 17 28 32 24 22 19 37 46 29 23 40 35 31 44 40 26 19 32 25 26 43 22 41 46 39 20 41 33 32 29 32 42 28 23 38 46 18 23 17 29 44 30 30 38 39 45 31 20 23 20 26 30 25 28 22 17 31 30 39 17 32 34 26 45 16 41 24 17 25 42
26 50 37 41 37 27 32 41 30 33 22 46 28 28 46 41 41 23 20 35 50 51 51 24 50 44 48 48 23 39 36 44 30 29 19 40 41 37 20 46 36 45 43 21 36 35 32 45 31 49 38 44 24 45 28 41 48 37 51 41 48 52 34 33 45 42 42 23 25 30 49 22 48 51 25 20 28 23 42 34 24 36 21 22 25 21 18 36 26 52 39 20 18 39 20 21 23 46 39 18 50
27 32 36 35 33 27 30 33 24 61 42 29 25 24 25 54 35 23 56 43 45 43 50 48 33 50 21 34 23 54 41 34 51 24 40 29 34 41 23 21 55 21 47 41 39 31 57 40 51 24 42 31 24 37 42 37 40 36 47 23 29 59 59 27 35 33 61 36 40 24 21 47 34 48 31 45 52 21 51 61 46 60 56 23 53 47 46 40 23 46 44 47 49 60 24 53 22 27 22 31 57
28 46 54 34 50 20 19 38 53 25 40 46 35 22 44 37 20 55 37 51 22 37 24 54 52 45 43 45 52 47 37 41 53 23 30 49 22 35 32 46 50 26 32 39 38 41 25 21 24 25 44 37 38 36 35 52 20 26 40 40 27 26 23 24 27 36 42 46 39 51 44 53 40 33 20 54 46 40 29 33 25 51 43 54 28 23 28 32 29 28 51 26 39 40 24 46 33 40 30 53 36
29 25 12 28 25 29 17 15 28 17 22 28 23 13 14 26 28 22 22 29 21 26 31 22 12 22 26 23 12 18 20 16 14 11 21 26 12 28 30 22 30 17 12 30 31 14 13 29 26 12 17 11 16 25 17 15 16 25 20 19 13 30 15 31 30 18 16 11 16 14 24 12 26 19 11 21 25 19 12 24 14 19 23 29 13 30 27 27 23 20 15 25 30 12 27 29 21 14 26 26 19
30 27 28 41 49 27 27 35 20 21 28 34 52 25 53 33 40 21 53 48 22 34 29 38 48 43 26 45 19 29 34 38 30 19 25 44 32 51 37 49 36 33 34 37 42 53 41 36 18 43 42 33 19 30 37 52 30 47 36 44 24 29 28 40 35 50 44 26 45 41 30 52 33 25 32 30 51 26 50 39 45 48 20 45 52 24 31 40 50 30 24 38 22 52 24 38 20 28 24 28 43
31 23 31 39 20 46 54 31 54 44 21 33 34 33 30 20 25 43 35 31 42 31 31 27 50 39 33 36 44 29 53 26 29 21 31 37 52 45 19 28 34 25 35 44 36 27 33 22 26 29 48 37 46 46 31 25 48 34 51 24 43 47 47 52 32 23 19 51 21 19 38 30 47 27 54 34 41 24 27 34 22 47 26 36 34 25 29 37 31 38 47 39 21 34 53 39 51 32 27 24 25
32 34 46 22 39 28 25 40 35 30 29 46 25 48 46 31 55 30 29 54 25 44 31 32 26 53 54 27 50 41 48 36 20 34 48 58 28 57 34 31 46 58 27 50 52 54 20 57 41 47 23 56 42 36 27 57 46 30 44 29 48 41 56 35 56 25 21 50 31 55 23 56 25 28 27 43 32 42 27 27 40 41 35 54 32 21 25 21 53 54 46 30 21 50 27 27 55 24 41 52 20
33 27 42 19 48 44 45 44 34 21 19 26 37 18 38 37 18 21 50 51 20 33 40 26 37 42 24 32 17 49 50 32 26 50 18 37 49 40 39 41 17 28 45 22 25 49 21 51 50 47 47 30 19 50 38 36 18 24 44 36 21 29 45 18 30 41 45 38 33 32 33 34 46 27 49 48 44 23 43 23 45 19 34 37 44 33 40 18 48 34 39 20 21 47 38 40 44 28 43 38 42
34 66 33 45 45 49 28 56 31 34 42 28 67 28 44 57 51 30 52 68 40 42 55 24 57 59 70 62 50 60 33 33 35 65 38 46 62 51 59 29 66 56 58 72 68 35 39 57 69 33 30 31 54 67 41 53 65 58 43 24 34 66 54 66 48 53 47 37 35 47 53 41 48 29 66 61 27 35 39 39 31 42 39 61 54 44 40 37 61 32 58 25 62 27 29 50 42 42 52 39 64
35 61 39 39 47 27 42 56 64 28 29 26 44 26 23 56 44 59 24 32 46 60 48 33 23 37 52 59 27 46 59 34 36 22 60 24 29 22 35 51 40 40 49 47 49 29 49 50 48 52 61 44 63 24 38 45 42 27 29 35 22 31 37 60 60 29 64 26 25 54 43 29 57 30 60 33 35 46 41 53 38 50 60 58 32 56 51 46 39 35 47 29 56 49 43 24 49 33 26 53 41
36 12 18 11 18 24 17 27 23 12 22 18 21 16 23 26 15 18 23 21 22 28 21 17 16 26 20 25 19 11 18 26 13 14 18 15 20 15 22 10 11 14 11 18 12 18 11 12 12 27 24 27 15 20 11 26 26 24 12 18 28 20 25 21 11 14 21 23 27 28 10 23 11 18 18 28 10 27 14 18 18 27 19 21 22 24 26 23 18 23 15 19 22 26 28 18 27 26 24 13 22
37 19 7 15 7 12 9 16 12 12 9 8 15 15 15 17 17 15 8 19 8 12 16 17 11 18 7 14 7 8 10 12 13 17 18 15 18 17 17 7 11 7 10 7 18 15 8 15 18 18 11 18 8 13 12 14 16 15 13 16 14 18 9 13 19 19 16 16 11 16 19 7 16 13 16 17 7 16 10 8 8 15 7 13 10 13 19 19 13 17 8 13 19 14 10 18 10 14 18 15 13
38 59 25 47 63 47 62 49 51 41 29 22 48 59 24 56 39 38 47 51 24 54 52 27 45 60 39 50 45 27 54 50 57 51 62 30 29 31 43 24 44 42 35 27 60 47 61 63 55 62 33 60 60 33 43 59 55 37 59 61 63 34 46 36 59 33 44 46 25 22 52 63 55 30 23 61 31 27 31 30 44 31 41 58 46 26 28 44 50 28 38 61 59 36 50 34 34 30 28 37 42
39 30 27 20 26 16 33 30 20 18 26 26 15 21 17 33 24 25 16 13 23 32 16 17 14 23 12 26 18 18 21 31 14 25 26 25 31 26 14 18 35 18 23 12 19 15 18 18 24 15 25 32 33 22 23 31 24 17 32 24 25 31 28 18 20 33 17 15 32 13 18 13 32 23 34 29 27 17 26 27 13 26 24 23 19 30 34 24 30 26 15 14 13 26 13 28 23 23 34 18 31
40 46 26 17 17 23 44 45 21 39 34 32 47 19 29 22 42 17 45 19 19 24 43 41 44 33 48 45 25 19 21 18 46 20 44 27 36 32 29 41 38 39 19 23 27 17 18 26 24 42 43 23 21 35 41 42 22 22 35 17 46 39 40 30 30 35 27 38 43 38 26 40 32 38 24 46 19 37 27 27 22 28 26 39 30 21 29 48 26 44 31 21 34 42 41 34 41 46 45 39 33;
param maxIb: 1 :=
1 60
2 7.350000e+01
3 2.250000e+01
4 69
5 4.050000e+01
6 6.450000e+01
7 7.350000e+01
8 54
9 24
10 24
11 36
12 51
13 72
14 5.550000e+01
15 15
16 51
17 66
18 72
19 57
20 51
21 6.450000e+01
22 7.050000e+01
23 2.850000e+01
24 2.250000e+01
25 4.650000e+01
26 5.250000e+01
27 6.150000e+01
28 5.550000e+01
29 3.150000e+01
30 54
31 54
32 5.850000e+01
33 51
34 72
35 6.450000e+01
36 2.850000e+01
37 1.950000e+01
38 63
39 36
40 48;
param tempoe=0.000429;
