param nvertices=10; #numero de vertices
param ndemandas=40; #numero de demandas
param capacidadeij: 1 2 3 4 5 6 7 8 9 10 :=
 1 100 100 100 100 100 100 100 100 100 100
2 100 100 100 100 100 100 100 100 100 100
3 100 100 100 100 100 100 100 100 100 100
4 100 100 100 100 100 100 100 100 100 100
5 100 100 100 100 100 100 100 100 100 100
6 100 100 100 100 100 100 100 100 100 100
7 100 100 100 100 100 100 100 100 100 100
8 100 100 100 100 100 100 100 100 100 100
9 100 100 100 100 100 100 100 100 100 100
10 100 100 100 100 100 100 100 100 100 100; #Capacidade de banda de comunicacao de cada arco
param Adj: 1 2 3 4 5 6 7 8 9 10 := 
1 0 0 1 0 0 1 1 1 0 1
2 0 0 0 1 1 0 1 0 1 1
3 1 0 0 1 0 1 1 0 0 1
4 0 1 1 0 0 0 1 0 0 0
5 0 1 0 0 0 0 0 0 1 1
6 1 0 1 0 0 0 0 1 0 1
7 1 1 1 1 0 0 0 0 0 0
8 1 0 0 0 0 1 0 0 0 1
9 0 1 0 0 1 0 0 0 0 0
10 1 1 1 0 1 1 0 1 0 0;  #Matriz de adjacencia da topologia
param I: 1 2 3 :=
1 8.000000 7.000000 19.000000
2 5.000000 4.000000 18.000000
3 9.000000 5.000000 11.000000
4 6.000000 7.000000 17.000000
5 8.000000 10.000000 18.000000
6 10.000000 1.000000 17.000000
7 6.000000 7.000000 15.000000
8 9.000000 3.000000 16.000000
9 8.000000 3.000000 10.000000
10 6.000000 10.000000 10.000000
11 6.000000 9.000000 11.000000
12 4.000000 5.000000 10.000000
13 8.000000 3.000000 18.000000
14 1.000000 5.000000 15.000000
15 9.000000 4.000000 13.000000
16 6.000000 5.000000 19.000000
17 8.000000 9.000000 14.000000
18 10.000000 3.000000 16.000000
19 9.000000 6.000000 19.000000
20 4.000000 8.000000 13.000000
21 9.000000 4.000000 14.000000
22 7.000000 1.000000 10.000000
23 5.000000 3.000000 12.000000
24 1.000000 3.000000 10.000000
25 9.000000 1.000000 11.000000
26 10.000000 3.000000 15.000000
27 6.000000 8.000000 12.000000
28 10.000000 6.000000 11.000000
29 9.000000 6.000000 19.000000
30 8.000000 9.000000 12.000000
31 8.000000 7.000000 11.000000
32 7.000000 10.000000 15.000000
33 9.000000 2.000000 10.000000
34 7.000000 9.000000 15.000000
35 2.000000 3.000000 13.000000
36 7.000000 6.000000 12.000000
37 10.000000 9.000000 17.000000
38 4.000000 7.000000 18.000000
39 6.000000 10.000000 19.000000
40 1.000000 6.000000 12.000000;
param Ib: 1 2 3 4 5 6 7 8 9 10 11 12 13 14 15 16 17 18 19 20 21 22 23 24 25 26 27 28 29 30 31 32 33 34 35 36 37 38 39 40 41 42 43 44 45 46 47 48 49 50 51 52 53 54 55 56 57 58 59 60 61 62 63 64 65 66 67 68 69 70 71 72 73 74 75 76 77 78 79 80 81 82 83 84 85 86 87 88 89 90 91 92 93 94 95 96 97 98 99 100 :=
1 47 37 35 51 38 32 39 57 42 34 43 45 32 55 55 34 38 47 39 32 44 47 46 54 49 45 45 42 50 53 32 34 31 39 32 52 31 36 46 46 46 33 39 35 57 40 33 41 47 36 38 34 49 39 54 45 42 47 44 33 45 44 55 44 55 48 54 55 54 56 53 54 33 50 37 48 43 46 55 54 56 37 56 47 57 57 47 51 33 40 41 31 39 39 31 48 57 48 50 53
2 34 26 43 43 32 42 32 42 35 31 39 43 31 35 30 46 29 41 34 37 42 35 43 42 39 32 44 46 28 32 31 40 42 42 34 38 30 42 27 28 37 44 45 32 37 33 45 36 31 46 34 29 38 28 38 43 40 30 38 34 45 36 29 38 39 44 47 42 35 35 40 42 36 42 25 34 39 42 33 30 45 39 26 43 36 44 28 32 38 46 41 37 28 39 27 36 28 46 27 41
3 29 32 43 44 27 33 37 38 29 29 39 27 38 34 38 37 42 32 25 26 42 37 36 44 40 34 44 41 39 43 36 39 37 35 29 27 45 31 27 40 45 34 35 35 31 45 45 44 30 35 36 33 30 43 29 35 42 45 37 30 33 43 30 27 42 40 36 30 36 37 37 32 33 31 32 36 30 25 44 37 25 40 25 29 28 31 30 32 43 37 34 27 42 42 37 26 45 41 42 32
4 15 23 17 15 18 21 20 17 23 16 23 15 15 22 23 20 22 27 21 18 26 26 22 21 21 19 26 24 23 23 22 16 24 25 22 25 23 26 21 25 16 18 21 27 17 18 23 16 17 24 25 26 22 24 25 15 23 24 25 26 26 23 22 19 20 25 15 16 20 24 19 18 27 17 27 18 25 16 24 25 18 20 24 17 24 16 18 15 16 16 23 21 23 21 21 15 26 25 17 20
5 34 30 26 29 32 25 27 33 23 30 22 22 26 24 19 29 19 28 19 31 25 29 33 33 28 22 24 32 31 21 20 27 34 26 21 26 19 23 26 22 30 30 19 22 26 30 25 25 23 21 28 32 25 19 33 32 29 30 30 24 22 28 19 28 22 27 19 30 22 31 25 25 28 26 33 31 22 32 28 34 26 19 18 21 33 23 21 30 23 29 23 30 19 27 28 19 22 32 25 22
6 41 31 46 30 50 43 46 42 33 34 31 41 29 30 33 45 41 30 42 34 36 37 44 41 41 38 42 32 35 39 31 41 32 32 40 51 51 51 33 37 47 42 28 44 29 43 37 44 37 35 30 35 29 31 30 35 47 35 38 51 44 49 50 50 37 44 44 35 39 40 44 32 44 31 36 51 48 39 40 37 34 31 37 51 44 41 49 43 29 38 32 40 47 45 38 33 47 45 48 35
7 14 20 19 15 22 19 22 16 15 12 12 16 19 13 17 22 20 15 18 22 17 15 17 17 21 16 19 21 18 21 22 18 14 18 12 13 19 17 13 17 17 14 22 17 22 14 18 13 18 22 17 20 15 21 17 20 12 15 19 15 19 20 21 22 16 18 14 19 13 18 13 17 19 21 13 13 15 13 16 17 14 16 20 14 13 20 19 21 16 17 18 19 21 17 22 19 19 14 13 12
8 26 16 20 26 21 22 21 17 24 16 26 15 17 21 17 18 15 22 24 21 22 24 18 25 25 20 25 19 27 25 16 16 26 17 23 25 16 23 24 25 18 15 22 18 15 17 18 15 26 26 17 27 27 22 17 27 17 22 19 15 15 22 16 20 18 26 18 26 22 19 27 22 25 19 22 25 27 20 24 16 20 26 19 26 26 19 21 19 21 17 22 15 18 24 27 16 17 17 21 21
9 29 22 23 25 25 26 20 25 18 30 29 19 27 19 30 22 21 30 31 27 27 20 29 22 21 32 19 31 31 27 30 21 27 19 27 19 22 23 24 24 22 23 26 19 27 19 27 23 31 22 23 30 31 18 27 29 29 32 21 27 24 23 20 21 26 26 18 31 27 22 20 24 30 23 22 23 18 30 26 18 29 26 29 18 25 21 20 20 25 18 30 32 29 28 30 27 27 22 29 18
10 9 10 13 13 14 9 12 13 8 13 14 14 8 10 10 9 13 11 12 10 8 11 8 8 13 10 10 8 14 14 14 12 8 10 13 9 13 13 8 13 9 9 8 10 13 9 11 13 9 14 11 10 9 12 8 8 13 9 13 13 9 11 9 14 11 8 14 9 9 13 10 9 11 10 9 10 11 12 9 11 12 14 9 14 13 12 14 10 12 13 13 12 9 14 9 9 11 11 12 14
11 40 29 24 25 28 25 26 28 25 39 31 30 29 41 37 35 33 43 25 24 39 25 25 26 37 42 29 34 34 40 36 27 37 35 28 43 32 32 37 38 42 28 37 30 44 37 31 37 27 28 36 39 27 27 38 25 26 32 27 29 29 33 43 27 43 37 37 29 32 33 25 29 28 35 25 42 38 35 31 37 26 38 36 30 36 26 24 27 30 24 27 39 27 35 43 29 31 30 30 32
12 36 50 41 37 48 37 58 60 49 60 35 59 44 55 55 51 54 53 47 34 54 53 40 50 51 62 60 57 55 51 39 59 60 63 60 50 53 57 37 52 62 61 46 39 63 63 56 48 38 51 56 44 57 37 43 48 55 60 38 52 41 43 44 39 57 61 59 39 35 41 37 46 44 36 47 41 35 45 62 48 60 50 49 47 37 50 52 57 50 61 61 48 40 61 40 56 36 39 50 49
13 13 21 19 18 23 17 20 19 18 21 18 20 14 17 23 15 22 14 20 18 18 21 19 17 16 13 15 19 23 22 20 22 19 15 17 18 20 16 21 19 21 15 20 19 24 19 20 19 24 19 19 20 22 15 15 13 14 21 16 16 19 15 19 17 25 17 16 23 20 17 14 20 20 20 21 22 23 15 18 20 21 14 19 22 17 19 24 13 21 23 14 17 15 24 20 24 14 15 15 14
14 59 41 46 61 51 43 47 42 37 39 44 41 59 39 56 60 41 43 50 37 36 52 54 59 47 39 46 54 52 33 45 36 52 57 42 40 55 36 39 53 54 59 52 41 34 33 39 34 48 36 58 54 40 57 56 43 43 33 45 35 60 49 45 56 56 57 56 46 53 44 48 34 42 50 50 60 47 34 51 42 56 43 37 45 57 59 40 40 43 34 48 43 43 50 45 39 52 49 44 59
15 15 10 12 16 11 10 15 10 14 12 12 13 15 11 16 13 14 14 11 9 14 11 13 9 12 14 13 10 15 16 10 16 15 12 12 15 15 14 16 16 13 14 12 13 10 11 15 9 12 13 14 16 13 10 14 14 11 14 15 12 10 15 14 10 11 12 16 14 16 13 15 14 15 14 15 10 17 12 11 10 17 11 10 13 16 14 14 16 14 13 11 12 10 11 13 10 16 14 13 14
16 21 18 24 18 23 17 16 22 16 14 19 21 22 22 13 17 13 20 17 24 24 22 24 15 18 14 24 14 15 19 14 21 20 14 14 15 20 22 18 20 13 18 20 13 16 17 18 22 17 20 20 18 17 17 20 23 15 21 22 23 19 17 16 22 16 21 25 17 21 22 20 18 24 17 23 17 17 20 16 24 14 23 23 14 25 23 24 19 17 17 15 19 19 16 24 16 19 21 21 16
17 54 55 56 52 34 34 38 44 37 56 61 46 58 46 44 60 61 60 35 58 37 52 37 51 54 45 38 57 59 34 61 44 45 53 54 39 45 41 38 41 46 48 47 58 57 37 44 48 58 38 39 40 52 60 57 40 40 57 52 40 44 60 46 61 42 49 53 38 36 57 54 46 55 36 45 44 42 49 61 56 53 34 58 50 56 36 58 42 39 44 56 60 61 41 49 44 61 36 48 46
18 41 46 30 45 40 28 39 40 32 40 43 42 46 41 35 31 29 45 41 31 28 46 30 27 35 45 31 45 45 37 46 44 39 46 30 38 39 35 31 33 28 33 31 34 40 40 37 43 32 39 34 40 40 31 27 43 39 34 27 28 42 27 36 29 32 41 26 45 36 32 32 35 28 38 38 37 38 34 28 37 45 31 28 35 30 38 32 40 39 46 35 26 27 40 46 29 27 32 31 41
19 47 35 40 54 62 46 36 35 59 48 48 56 55 54 50 55 57 39 37 52 56 63 39 61 35 49 56 61 52 50 58 40 39 48 47 35 63 42 52 52 54 56 45 37 35 62 53 43 40 61 39 55 60 51 54 61 59 58 45 41 62 40 39 46 44 51 59 52 43 39 48 38 35 42 52 48 55 62 56 58 54 35 52 62 43 57 49 61 42 60 39 44 60 42 49 45 42 40 54 49
20 36 52 60 44 52 56 45 52 39 42 42 44 51 47 48 44 52 55 42 38 41 50 58 32 47 47 48 56 54 34 33 38 48 54 40 40 50 34 55 33 49 42 52 46 38 41 35 53 59 56 49 53 58 59 58 46 43 41 38 44 42 47 56 52 56 34 36 45 37 40 48 46 49 37 37 35 37 33 41 39 35 38 48 40 35 46 45 40 52 35 45 36 54 44 55 38 42 60 53 48
21 15 17 13 20 19 17 22 13 22 19 18 16 15 19 14 19 15 17 22 16 19 16 20 13 14 21 14 13 23 14 15 19 18 20 14 23 13 21 20 15 21 23 17 14 13 18 16 21 23 23 15 18 19 13 18 23 20 14 21 14 20 22 14 20 19 21 14 18 18 16 20 22 23 16 21 22 20 22 18 20 13 16 16 20 22 21 22 14 13 16 16 23 17 22 23 23 14 17 20 19
22 17 17 26 28 26 21 23 23 29 24 23 25 21 29 25 27 20 19 22 28 22 20 16 23 16 24 20 26 17 20 29 18 23 26 22 25 22 26 21 28 26 19 20 20 16 29 22 17 17 23 30 29 28 16 29 29 21 16 27 22 22 29 20 27 17 22 20 18 21 20 30 26 28 29 28 23 23 29 29 22 20 28 27 20 25 30 24 29 16 30 19 17 21 26 29 27 28 26 27 30
23 23 33 36 28 24 26 30 22 31 31 29 31 26 32 23 34 30 26 35 28 34 32 32 31 27 30 32 28 22 30 32 23 29 23 30 21 23 32 35 33 21 26 23 25 30 20 33 21 30 25 23 33 27 28 27 23 35 34 36 35 36 32 33 29 36 32 23 25 23 35 30 29 32 33 34 34 26 34 34 25 27 26 31 24 31 36 25 36 26 33 32 23 21 22 36 36 20 32 26 35
24 43 44 48 51 35 61 43 49 58 42 50 50 37 48 56 39 45 61 58 49 36 41 56 41 34 40 43 52 38 48 40 57 59 62 60 51 48 37 47 37 51 41 37 42 43 45 41 61 53 59 35 38 61 52 55 62 55 37 34 37 61 56 62 38 58 43 55 35 56 41 42 58 39 59 39 61 55 35 56 62 41 36 58 58 58 48 62 44 48 53 57 59 52 57 38 45 53 41 39 45
25 18 13 12 21 19 22 13 21 21 12 15 16 17 16 21 14 21 17 16 20 20 19 20 13 15 19 14 17 14 17 15 13 17 17 19 18 14 12 20 16 14 14 18 20 21 22 13 18 18 14 20 19 16 16 14 20 18 15 19 16 16 14 13 20 18 15 14 13 14 22 22 21 21 20 20 21 22 17 15 14 15 18 19 13 14 17 17 19 17 17 20 13 13 20 20 18 16 17 15 12
26 12 14 8 12 13 10 11 9 13 9 10 12 10 12 12 8 11 13 11 9 14 11 8 11 13 9 10 9 9 12 8 9 14 13 12 11 12 12 8 10 13 9 14 14 11 11 13 12 14 9 12 14 14 8 9 10 12 8 11 12 10 12 8 12 13 10 14 9 11 10 10 12 10 14 13 10 11 12 13 14 8 10 11 13 10 8 11 11 13 13 8 12 8 13 8 11 10 9 14 11
27 50 60 51 58 35 36 57 56 36 39 58 58 53 60 49 47 57 54 35 53 37 58 38 38 41 56 47 41 48 45 54 57 54 35 48 46 45 48 57 35 33 36 49 53 42 56 57 61 58 41 50 51 37 59 37 41 60 56 42 59 37 59 50 60 44 42 48 46 34 56 53 45 39 41 34 35 34 39 33 59 48 34 39 36 37 52 44 61 58 52 41 55 47 36 59 56 35 57 47 56
28 20 24 23 17 16 15 23 18 19 25 24 27 21 24 18 17 19 25 20 24 27 27 18 21 22 21 26 26 21 20 16 25 25 22 27 17 27 19 19 26 21 23 26 19 23 19 27 24 18 18 17 19 16 17 23 21 17 24 20 15 23 20 25 26 19 16 27 20 24 26 16 17 17 15 23 17 17 21 26 23 25 19 15 26 19 17 27 26 24 25 17 22 20 17 16 25 24 18 24 16
29 23 23 17 20 13 21 14 22 22 16 15 15 18 13 20 17 19 18 15 19 17 14 15 19 19 20 20 22 19 18 20 19 23 19 23 16 16 13 21 20 17 18 15 23 20 19 20 15 22 17 16 23 22 17 22 16 14 13 22 19 21 19 17 17 23 20 13 15 19 13 18 14 23 20 21 17 14 20 21 15 15 13 14 22 15 21 18 19 23 21 23 18 21 16 17 18 23 16 20 17
30 29 35 42 45 29 38 45 46 45 36 28 33 28 46 47 38 36 29 27 42 35 33 38 47 28 41 43 41 36 46 37 36 34 45 40 37 43 29 44 43 33 29 46 27 40 38 30 46 27 41 41 45 42 46 41 40 44 26 45 32 43 39 42 46 38 45 39 37 39 41 32 29 26 27 47 39 29 37 38 43 41 33 39 35 46 28 32 41 45 41 44 27 42 37 46 32 36 46 37 32
31 43 40 52 53 50 57 56 39 38 43 44 37 40 52 49 39 43 53 44 56 42 32 49 51 38 38 42 37 34 43 43 52 37 39 45 37 42 51 53 33 41 56 54 50 47 32 50 43 57 46 51 50 32 51 41 36 51 57 39 53 49 47 54 49 49 37 36 38 55 32 36 44 38 31 49 50 31 54 40 41 36 48 57 46 41 44 54 53 50 57 44 45 39 39 49 56 40 54 43 33
32 44 43 40 39 37 46 35 47 51 33 34 30 45 45 45 39 37 52 48 31 37 32 48 43 30 48 31 37 39 39 51 41 51 47 43 47 31 41 36 33 31 51 36 34 52 33 40 44 33 28 43 47 31 29 51 44 31 43 44 46 50 29 46 44 50 28 34 38 44 43 48 36 49 48 31 29 41 45 31 35 50 46 35 29 45 41 35 44 39 39 36 38 37 41 44 29 40 47 29 33
33 61 42 48 38 41 56 34 60 53 61 56 48 60 33 49 48 43 36 56 53 60 38 60 56 50 45 40 45 39 39 57 43 37 49 58 56 39 44 44 57 54 34 54 38 55 57 61 54 58 36 51 57 55 43 59 51 59 48 37 59 61 42 39 61 37 61 51 38 41 48 51 55 54 40 34 50 36 52 52 40 45 52 41 60 39 44 37 39 56 42 33 40 37 36 39 54 47 54 52 50
34 40 37 31 39 30 28 36 28 44 25 45 27 35 35 43 32 28 32 35 38 31 36 30 34 37 39 29 32 26 44 35 37 34 39 43 27 35 33 32 26 45 38 31 45 42 32 28 32 28 40 35 33 36 44 29 25 40 39 28 41 28 41 37 43 31 41 27 31 39 28 26 34 34 32 44 40 42 28 42 36 27 33 35 31 44 26 42 34 36 31 26 31 35 44 30 33 44 43 35 26
35 50 46 39 60 62 49 34 41 61 40 54 57 39 53 58 44 62 34 48 38 48 52 34 60 49 59 47 61 49 42 55 51 61 38 50 56 61 39 61 50 60 42 39 34 45 39 49 43 43 47 45 40 43 53 39 56 40 34 52 60 42 45 34 48 34 50 61 34 45 38 61 34 34 61 35 52 61 55 61 56 35 57 50 48 41 46 53 46 60 56 48 43 51 46 62 56 36 56 50 35
36 15 19 18 24 17 20 25 15 23 22 24 18 25 18 19 16 17 23 15 16 20 17 23 20 15 20 18 24 17 25 24 18 25 22 17 24 16 19 22 17 24 20 17 21 22 26 18 17 24 25 17 25 16 25 25 25 18 20 14 23 22 18 23 23 25 18 19 16 19 21 20 24 15 24 25 16 15 17 20 16 18 14 18 25 24 15 19 16 18 15 22 22 23 21 18 23 21 24 23 16
37 38 33 45 40 49 46 33 52 53 53 41 34 39 37 36 59 48 35 56 47 44 35 39 58 59 41 53 58 36 39 48 33 34 39 51 59 56 58 45 58 57 53 56 58 44 55 55 33 52 40 41 37 38 34 44 58 35 37 49 38 53 45 41 53 51 39 52 49 55 44 47 46 39 42 47 41 43 54 49 57 36 51 58 54 45 42 51 49 42 37 45 40 49 40 36 49 44 34 52 49
38 9 9 8 9 8 11 10 11 9 10 12 8 13 10 11 8 11 9 12 10 9 8 10 12 8 8 9 9 13 10 11 9 13 12 8 10 9 9 10 10 8 8 9 11 8 11 10 12 9 10 9 12 9 9 12 8 11 11 9 8 12 9 12 13 11 12 8 11 12 12 9 7 10 10 10 11 13 9 13 12 8 12 12 10 10 8 7 8 10 8 9 11 8 13 7 12 10 12 12 11
39 21 19 18 13 18 11 16 12 12 17 20 17 18 17 16 17 16 16 17 15 12 16 15 20 21 11 18 12 14 20 19 13 16 17 14 18 17 11 13 20 16 16 12 19 17 18 14 15 18 14 16 18 17 12 14 18 16 18 13 13 16 15 14 20 17 16 20 17 16 20 20 17 19 21 20 14 17 19 18 18 19 16 21 17 18 15 15 17 19 20 17 20 15 15 13 13 15 18 18 19
40 30 39 41 47 32 40 33 35 31 41 50 47 51 50 49 31 44 37 31 48 30 34 46 41 49 51 37 30 29 44 47 52 38 33 50 40 33 48 32 31 39 52 36 52 38 51 39 44 38 39 38 48 47 32 53 39 50 35 29 38 44 35 35 50 41 53 34 34 47 49 33 46 48 53 38 38 39 53 52 33 38 37 50 47 46 33 31 47 33 53 33 53 38 50 50 32 31 48 44 33;
param maxIb: 1 :=
1 57
2 47
3 46
4 27
5 34
6 52
7 22
8 27
9 33
10 14
11 44
12 64
13 25
14 61
15 17
16 25
17 62
18 47
19 64
20 60
21 23
22 30
23 36
24 62
25 22
26 14
27 61
28 27
29 23
30 48
31 57
32 52
33 61
34 46
35 62
36 26
37 60
38 13
39 21
40 53;
param tempoe=0.000298;
