param nvertices=10; #numero de vertices
param ndemandas=40; #numero de demandas
param capacidadeij: 1 2 3 4 5 6 7 8 9 10 :=
 1 100 100 100 100 100 100 100 100 100 100
2 100 100 100 100 100 100 100 100 100 100
3 100 100 100 100 100 100 100 100 100 100
4 100 100 100 100 100 100 100 100 100 100
5 100 100 100 100 100 100 100 100 100 100
6 100 100 100 100 100 100 100 100 100 100
7 100 100 100 100 100 100 100 100 100 100
8 100 100 100 100 100 100 100 100 100 100
9 100 100 100 100 100 100 100 100 100 100
10 100 100 100 100 100 100 100 100 100 100; #Capacidade de banda de comunicacao de cada arco
param Adj: 1 2 3 4 5 6 7 8 9 10 := 
1 0 0 0 0 0 1 0 0 1 1
2 0 0 1 0 1 0 0 0 0 1
3 0 1 0 1 1 0 0 1 0 0
4 0 0 1 0 0 0 1 1 0 0
5 0 1 1 0 0 0 0 0 0 1
6 1 0 0 0 0 0 0 0 0 1
7 0 0 0 1 0 0 0 1 1 0
8 0 0 1 1 0 0 1 0 0 0
9 1 0 0 0 0 0 1 0 0 1
10 1 1 0 0 1 1 0 0 1 0;  #Matriz de adjacencia da topologia
param I: 1 2 3 :=
1 8.000000 7.000000 15.000000
2 6.000000 2.000000 10.000000
3 2.000000 5.000000 11.000000
4 4.000000 8.000000 14.000000
5 1.000000 5.000000 19.000000
6 8.000000 3.000000 11.000000
7 9.000000 3.000000 10.000000
8 4.000000 9.000000 14.000000
9 1.000000 3.000000 14.000000
10 5.000000 8.000000 18.000000
11 6.000000 10.000000 14.000000
12 2.000000 6.000000 15.000000
13 1.000000 9.000000 11.000000
14 7.000000 9.000000 10.000000
15 10.000000 9.000000 19.000000
16 9.000000 3.000000 17.000000
17 4.000000 9.000000 13.000000
18 7.000000 1.000000 11.000000
19 2.000000 1.000000 19.000000
20 9.000000 5.000000 10.000000
21 5.000000 7.000000 12.000000
22 1.000000 4.000000 14.000000
23 9.000000 3.000000 13.000000
24 8.000000 2.000000 10.000000
25 8.000000 2.000000 19.000000
26 2.000000 1.000000 11.000000
27 10.000000 2.000000 19.000000
28 6.000000 2.000000 18.000000
29 8.000000 10.000000 12.000000
30 4.000000 2.000000 12.000000
31 9.000000 8.000000 18.000000
32 10.000000 3.000000 15.000000
33 5.000000 2.000000 13.000000
34 5.000000 6.000000 12.000000
35 7.000000 10.000000 12.000000
36 8.000000 9.000000 10.000000
37 9.000000 5.000000 15.000000
38 6.000000 8.000000 10.000000
39 9.000000 3.000000 19.000000
40 5.000000 7.000000 10.000000;
param Ib: 1 2 3 4 5 6 7 8 9 10 11 12 13 14 15 16 17 18 19 20 21 22 23 24 25 26 27 28 29 30 31 32 33 34 35 36 37 38 39 40 41 42 43 44 45 46 47 48 49 50 51 52 53 54 55 56 57 58 59 60 61 62 63 64 65 66 67 68 69 70 71 72 73 74 75 76 77 78 79 80 81 82 83 84 85 86 87 88 89 90 91 92 93 94 95 96 97 98 99 100 :=
1 44 38 16 28 40 15 27 41 42 26 23 19 44 26 37 25 41 23 30 41 42 29 29 39 33 29 36 29 24 41 32 44 44 37 31 41 30 42 16 38 39 22 21 23 17 37 32 23 34 21 20 23 41 43 37 36 34 33 18 26 37 34 28 28 30 41 27 40 33 36 41 27 34 29 36 42 25 44 42 38 30 26 34 17 19 23 17 23 28 41 18 41 44 42 43 36 35 17 20 34
2 30 54 48 41 18 20 43 49 24 23 47 39 37 33 44 44 36 27 18 49 48 30 53 52 44 26 32 29 44 39 37 48 35 42 22 26 46 51 53 18 22 40 53 51 54 32 39 27 42 35 24 32 31 29 45 40 21 42 19 24 42 46 39 51 39 29 31 36 23 50 39 24 22 45 51 44 37 28 33 37 39 20 44 41 21 38 43 25 30 44 31 37 50 46 51 25 51 48 39 29
3 26 35 38 42 21 38 35 41 35 37 32 30 35 27 24 16 23 34 26 25 14 27 27 18 16 20 22 31 32 37 38 35 27 35 40 15 21 38 37 41 24 41 40 39 26 16 36 37 34 34 17 23 41 34 41 18 16 27 34 32 16 16 14 34 14 16 33 39 33 16 27 32 21 35 41 15 18 27 15 28 40 39 17 33 18 39 30 19 21 19 15 30 14 16 30 18 20 14 28 14
4 15 19 13 18 10 19 18 19 15 19 13 21 10 18 15 19 10 9 22 15 12 9 15 20 9 15 21 21 8 20 19 21 20 22 8 14 18 15 20 17 18 9 18 11 21 10 12 8 9 21 11 14 14 15 11 16 14 11 10 17 11 10 20 19 15 9 10 17 13 16 20 15 20 13 20 18 14 9 21 15 22 13 10 14 22 8 16 21 14 10 21 17 14 12 13 9 21 12 8 8
5 14 32 28 27 16 20 15 34 15 14 33 23 30 21 34 25 30 14 34 29 40 39 21 22 26 30 29 37 20 32 15 40 19 27 19 27 36 15 35 14 40 33 35 32 23 36 24 34 17 39 35 39 31 28 33 32 20 20 37 23 34 32 30 22 26 36 38 16 26 23 40 19 35 31 40 18 26 19 37 32 19 30 31 14 21 27 27 31 21 15 16 35 24 26 24 17 38 21 22 39
6 38 41 21 53 41 38 36 33 49 41 47 30 23 18 47 45 49 51 39 35 22 20 47 29 48 19 37 40 23 25 25 20 24 24 33 39 52 35 35 43 20 34 22 29 23 21 31 24 33 45 48 48 34 44 33 28 43 32 42 27 31 37 27 48 52 26 47 43 50 28 18 46 44 28 21 45 50 28 51 51 53 25 33 51 34 53 54 50 27 36 45 46 39 32 18 44 39 31 41 36
7 28 32 13 16 27 18 31 22 29 30 20 18 27 30 25 26 30 19 21 30 31 34 24 24 26 28 13 28 20 14 31 21 14 16 29 15 30 22 23 14 27 34 27 34 20 28 32 26 26 16 22 19 15 16 26 16 33 15 19 21 25 22 27 27 33 21 18 27 32 21 29 25 19 15 17 23 12 31 18 20 12 17 21 21 16 17 34 31 14 31 15 22 23 19 33 22 30 15 18 12
8 35 24 36 43 37 26 38 25 41 50 41 49 19 18 47 17 45 18 34 18 35 37 32 47 49 22 17 49 22 41 27 51 49 32 30 33 43 43 41 40 23 34 46 39 26 31 50 20 26 28 43 22 39 36 45 36 27 20 17 49 24 34 29 32 38 38 23 41 28 37 31 38 37 34 23 46 39 27 27 44 33 17 43 22 49 31 46 44 37 31 50 29 42 49 34 26 21 17 19 22
9 36 36 37 37 15 24 26 29 33 15 29 20 17 40 16 41 16 21 39 32 35 21 25 28 28 35 24 38 21 28 33 29 21 41 25 15 31 18 24 14 27 17 30 33 41 16 42 36 26 31 19 26 29 39 26 27 37 21 19 21 28 16 21 19 27 40 22 27 41 15 33 30 37 37 15 24 26 32 38 16 32 33 26 20 32 15 39 36 25 31 24 16 35 33 18 30 17 23 35 31
10 41 22 50 29 42 21 36 31 35 42 30 27 35 33 49 50 38 30 18 25 27 38 49 44 35 41 47 32 48 37 25 35 22 46 41 50 36 40 23 19 47 43 45 46 33 20 31 33 29 34 33 38 42 32 18 31 45 40 31 49 25 23 25 50 20 41 49 18 25 52 35 40 22 20 40 41 46 51 47 30 29 50 30 25 26 25 18 30 40 19 44 47 23 23 24 34 31 33 46 25
11 40 22 54 58 43 30 50 26 46 60 53 33 52 26 33 32 41 23 48 47 59 44 47 31 47 55 30 34 53 43 31 35 61 25 39 24 35 39 60 29 59 49 61 57 34 45 46 63 35 23 39 38 33 54 27 63 26 49 37 48 49 28 25 41 48 59 40 35 41 25 47 24 50 47 35 36 53 61 49 50 39 56 27 54 51 45 28 48 44 56 30 39 22 55 43 29 63 30 37 23
12 26 11 20 14 13 17 21 11 27 16 18 15 25 24 28 13 27 16 24 16 21 23 17 19 15 12 27 25 21 24 28 17 23 28 26 13 27 22 24 14 28 25 27 27 21 22 18 18 26 11 26 17 25 19 20 17 11 23 26 13 15 14 11 13 13 28 26 11 15 10 19 12 16 21 15 11 26 20 12 10 22 20 10 20 28 25 16 10 28 25 16 18 25 16 11 10 23 27 14 14
13 26 27 32 36 32 25 21 36 20 38 28 24 27 27 38 36 21 28 35 35 19 25 14 26 27 38 20 28 14 34 17 16 32 25 29 30 36 20 23 21 26 40 26 14 30 21 18 37 23 33 18 28 30 30 34 24 20 38 16 29 18 18 18 40 40 31 32 40 35 21 32 31 40 37 34 35 38 32 37 16 22 38 16 14 40 29 19 24 17 31 28 32 32 31 15 33 37 26 25 39
14 27 31 16 16 28 16 32 24 31 30 12 27 28 30 27 21 13 24 25 16 26 12 22 25 20 29 31 27 23 22 13 13 19 16 22 30 16 20 14 29 23 14 15 26 26 31 17 16 12 30 26 28 13 15 31 16 16 31 29 31 17 22 30 20 14 12 33 31 32 25 15 19 22 19 13 31 33 16 14 13 14 28 31 16 26 21 22 24 19 12 11 16 15 30 15 29 19 19 23 20
15 17 24 17 29 26 26 26 27 27 21 34 20 25 20 21 35 14 33 18 34 37 23 29 16 19 37 33 32 25 16 20 25 20 15 25 19 20 32 13 24 33 21 17 25 20 31 29 19 33 29 31 28 13 35 24 22 29 34 37 15 30 23 15 19 30 19 18 14 18 16 35 18 27 34 24 34 28 37 19 35 24 15 37 27 13 22 31 21 36 28 35 23 26 15 18 15 36 23 36 26
16 57 27 24 36 26 52 33 29 30 39 32 60 66 42 25 65 68 65 52 58 26 54 61 55 51 38 49 41 52 38 70 42 56 30 48 63 69 25 47 60 42 61 39 40 62 47 67 54 48 53 61 43 35 42 66 38 58 47 57 39 52 59 48 63 39 59 42 31 59 32 34 50 40 36 42 56 67 67 67 58 59 55 63 30 24 26 51 53 32 31 35 52 40 46 42 39 50 66 48 52
17 40 36 33 40 41 20 26 41 18 37 18 38 27 37 21 33 40 28 42 18 39 35 33 22 41 32 19 41 24 41 36 14 22 42 36 30 25 38 20 34 32 14 18 30 28 24 22 20 31 29 27 29 31 26 31 26 34 36 26 40 28 16 42 26 16 16 38 16 33 37 17 23 23 19 16 19 19 22 26 33 30 15 37 15 41 27 32 41 26 31 25 38 18 26 16 38 22 22 30 18
18 22 24 27 18 15 15 24 18 19 14 14 12 29 27 11 31 18 27 25 16 27 17 27 30 17 12 17 21 24 16 22 30 12 13 11 12 31 21 12 23 25 26 28 13 31 28 19 20 19 11 14 11 26 25 17 24 11 28 27 14 21 24 26 24 11 13 17 24 26 17 19 30 17 27 21 27 19 27 23 23 20 25 21 12 15 26 18 30 12 26 15 25 15 17 28 19 15 26 26 18
19 21 27 21 21 16 12 22 16 15 28 14 27 27 11 23 18 14 24 16 12 29 12 11 16 28 29 18 23 13 10 23 20 18 24 18 27 13 11 26 26 13 19 20 13 13 19 24 17 30 17 11 28 13 11 27 27 23 12 24 27 13 12 17 20 29 29 24 15 15 29 23 26 12 29 16 23 13 17 18 22 30 13 10 19 18 12 11 15 28 10 17 10 26 24 13 30 21 25 22 13
20 10 13 6 15 14 11 8 12 12 10 5 6 11 11 9 9 10 6 11 12 5 11 8 10 11 10 8 11 14 14 7 8 14 12 8 9 14 15 12 9 9 5 13 12 10 11 13 15 12 6 12 15 9 12 11 7 5 12 6 7 9 9 10 9 10 14 10 7 5 7 9 7 8 15 12 11 11 12 9 6 13 7 10 6 10 13 6 7 9 10 15 14 10 10 8 7 13 12 5 14
21 24 28 23 19 22 20 26 27 37 26 26 21 23 23 16 30 20 21 18 34 26 22 26 26 23 34 20 32 16 35 23 24 13 31 14 19 19 21 26 35 33 24 13 35 30 28 28 28 24 30 36 21 36 31 24 22 22 35 22 26 17 36 33 34 31 35 31 36 21 14 21 33 24 35 18 34 14 20 34 15 32 35 30 26 23 23 16 32 16 32 25 22 31 14 20 32 25 30 15 25
22 22 21 35 27 35 41 28 23 27 41 35 16 41 36 34 42 19 38 18 42 22 35 29 41 41 20 33 26 15 16 17 32 19 23 39 43 24 20 37 15 32 16 17 17 28 18 39 30 28 30 38 41 37 19 39 33 18 19 28 15 37 40 15 18 21 38 25 27 42 17 34 19 20 35 22 16 37 17 41 28 34 27 41 22 15 30 36 34 39 35 35 38 36 21 25 35 26 22 34 17
23 24 25 24 12 26 16 21 24 19 13 30 15 29 12 19 11 29 21 13 21 24 13 25 16 30 27 19 13 29 12 16 14 27 29 21 28 18 16 21 15 27 14 12 21 17 23 20 22 20 19 24 29 15 11 20 20 22 25 11 23 25 23 27 20 26 18 22 18 23 23 20 26 21 29 16 28 24 26 13 16 29 19 12 22 11 15 23 19 15 24 20 12 12 13 17 27 16 23 23 15
24 28 15 27 14 27 27 28 11 12 20 22 27 19 28 16 23 23 12 16 25 24 25 28 18 19 16 12 22 11 18 19 14 10 15 21 19 14 12 10 16 21 18 25 11 22 23 11 13 23 28 19 13 16 22 21 17 15 10 16 23 16 10 27 15 13 12 11 18 25 28 10 20 18 28 12 20 26 16 19 27 10 10 11 28 14 20 22 20 15 12 28 26 25 23 16 10 17 11 26 23
25 53 70 54 69 39 63 34 36 56 46 35 59 42 26 65 50 69 43 71 33 71 36 30 35 48 65 52 45 35 61 41 26 29 41 31 45 47 51 61 28 29 53 48 65 43 42 31 39 27 32 44 49 66 62 37 47 61 51 59 32 54 66 67 33 31 35 69 33 27 25 44 58 62 54 63 26 51 53 69 59 37 27 71 28 60 40 55 28 39 61 63 31 70 71 61 54 71 35 29 67
26 27 47 60 39 46 44 69 63 54 37 26 47 40 57 44 39 66 54 39 27 50 65 53 38 41 34 34 49 47 43 67 29 45 26 51 51 25 38 48 61 38 32 36 23 29 62 58 53 33 49 58 66 29 54 69 57 25 41 42 51 29 33 69 30 34 30 42 60 27 39 42 61 68 39 26 33 34 43 53 25 50 42 58 52 27 28 56 63 42 60 25 51 42 29 25 66 27 56 38 68
27 11 11 16 9 16 19 19 11 16 17 18 11 15 21 18 11 20 21 9 13 15 22 21 10 12 12 9 14 10 20 21 8 15 8 16 8 14 11 9 20 17 11 9 10 21 10 9 15 11 22 11 22 13 17 21 21 18 15 10 11 14 9 9 22 19 13 9 19 12 10 8 15 22 19 19 9 14 14 13 13 12 10 16 21 8 9 19 12 15 15 17 22 11 10 20 22 10 13 8 18
28 61 24 29 51 71 53 68 41 70 32 57 53 33 37 48 61 56 27 68 60 25 63 56 60 54 63 36 71 54 29 61 40 44 33 61 51 49 52 57 56 30 66 54 39 53 71 57 26 45 29 46 56 51 32 50 27 55 57 29 69 30 32 58 69 57 27 68 58 49 71 34 71 64 39 49 42 37 33 70 43 60 28 38 35 50 47 39 62 52 59 29 26 38 65 50 48 66 62 49 47
29 33 32 35 38 28 49 35 37 35 54 35 43 51 25 37 56 57 37 44 30 35 50 56 30 38 40 51 36 29 41 44 52 47 58 50 51 57 27 52 48 22 26 58 49 29 39 22 50 37 31 26 53 35 40 48 26 34 34 40 44 23 25 23 53 28 46 27 45 57 50 25 33 26 29 48 45 26 20 51 45 33 40 55 58 34 39 49 42 28 37 29 35 37 43 26 28 56 45 38 49
30 8 14 10 17 18 17 7 18 6 14 6 9 6 18 7 15 11 18 15 10 9 16 18 17 6 18 18 6 14 12 9 7 12 13 15 7 8 7 12 8 15 7 9 6 12 12 6 18 14 13 17 13 11 7 9 17 7 12 7 17 16 9 9 17 16 16 8 16 13 16 16 11 7 9 12 12 11 10 12 14 12 8 9 12 13 17 7 16 7 8 7 18 16 8 12 18 11 15 14 15
31 34 67 33 45 25 31 68 53 59 26 43 27 48 37 61 47 41 65 45 29 33 31 70 62 64 33 66 34 36 39 33 33 70 39 52 57 45 35 31 32 24 53 35 53 30 27 41 38 55 32 32 33 68 41 33 65 57 43 56 35 58 37 65 44 64 43 42 37 62 67 53 31 69 50 44 39 45 46 68 45 45 39 65 54 37 37 38 62 29 33 61 30 62 57 57 26 37 24 57 69
32 17 15 12 12 18 15 19 9 16 12 17 12 16 10 8 10 13 17 12 18 11 17 16 18 13 19 8 17 10 7 9 12 13 14 15 11 10 16 7 19 10 20 21 19 16 18 15 9 19 9 17 7 10 15 16 16 15 14 10 17 10 15 14 9 9 18 10 11 11 21 8 9 18 12 12 21 8 11 20 16 19 11 16 8 15 12 17 19 15 19 15 11 15 15 13 18 16 17 19 15
33 21 25 18 22 24 20 12 26 11 19 24 25 23 16 12 14 12 22 21 23 20 19 23 16 17 13 28 26 21 16 17 10 22 27 24 11 16 26 14 14 19 12 17 22 15 14 22 28 25 26 13 13 15 16 12 12 18 28 13 18 13 20 19 20 15 27 14 20 26 18 23 12 15 11 10 21 22 25 21 12 10 28 23 10 12 26 17 10 11 21 22 18 25 16 12 18 23 21 26 14
34 30 18 41 22 17 23 41 47 17 44 22 21 17 23 33 33 41 38 47 48 40 28 29 45 44 35 17 41 41 37 19 34 44 41 45 48 30 40 20 39 28 22 42 26 19 37 33 46 38 45 23 18 23 38 48 45 24 35 17 18 28 31 27 39 32 24 21 27 21 28 38 28 21 26 17 45 25 34 36 43 39 36 46 45 18 30 47 44 18 32 45 28 41 27 29 17 36 41 32 29
35 18 25 14 24 23 22 18 10 11 11 23 25 24 19 23 16 24 11 20 11 21 22 12 20 23 14 18 21 20 20 19 15 15 9 22 21 19 9 18 11 24 24 24 16 13 17 24 12 17 24 18 9 23 25 11 23 11 22 22 23 13 14 25 19 12 9 13 21 22 23 20 13 20 24 13 18 20 14 15 9 22 25 19 25 10 17 12 17 15 11 10 25 23 9 25 10 25 10 11 11
36 18 22 18 38 42 37 47 20 24 19 27 32 28 36 23 19 49 19 41 49 32 17 19 33 49 31 39 45 33 49 23 48 28 32 27 42 38 44 22 36 46 49 17 22 17 37 49 24 39 22 48 40 21 32 45 45 20 35 20 19 32 45 49 29 40 40 32 27 19 18 41 24 18 41 33 20 29 27 40 37 45 30 46 34 18 27 43 20 24 35 33 34 30 30 49 31 48 22 31 47
37 33 32 32 21 50 45 42 34 21 55 57 44 59 53 22 54 61 40 54 28 44 32 60 57 23 58 32 37 26 57 35 32 33 28 34 34 32 23 42 55 43 58 40 54 59 39 40 47 40 52 23 24 38 53 47 29 25 53 45 45 59 30 25 49 40 26 25 55 43 30 26 23 24 36 45 43 50 44 40 54 33 26 48 39 21 60 39 23 37 53 42 57 24 61 27 43 27 59 46 57
38 25 49 29 39 19 46 36 25 52 32 24 34 26 53 24 37 33 26 45 26 37 44 31 38 35 40 46 24 55 24 48 20 32 54 47 26 28 32 32 52 32 36 41 39 47 39 31 29 53 21 26 22 40 55 26 54 42 41 21 49 50 25 40 42 54 23 19 24 21 44 27 37 26 42 45 24 36 24 24 27 38 20 43 25 22 26 19 48 20 54 43 40 27 31 50 43 47 43 26 39
39 22 39 36 29 41 34 27 37 44 38 38 33 45 37 17 37 46 24 42 37 33 47 21 28 30 32 43 17 42 33 33 17 33 23 48 31 22 42 24 25 37 47 19 36 18 35 18 38 38 34 25 23 27 21 37 28 39 20 32 17 22 20 27 21 39 36 28 20 26 46 43 26 46 36 41 27 24 45 25 22 47 40 27 46 38 32 31 45 25 34 37 29 41 31 46 22 34 38 45 26
40 29 28 21 17 29 24 30 27 24 26 27 26 23 31 24 25 22 13 27 30 11 27 24 19 28 26 14 23 14 21 22 26 11 12 14 28 11 26 18 17 18 16 26 15 29 26 29 25 12 26 16 18 30 12 31 19 26 31 28 17 13 19 31 24 26 19 25 19 23 22 16 11 11 21 30 23 13 17 19 16 16 16 12 28 12 23 23 11 13 24 23 21 27 16 19 19 14 24 19 13;
param maxIb: 1 :=
1 45
2 54
3 42
4 2.250000e+01
5 4.050000e+01
6 54
7 3.450000e+01
8 51
9 42
10 5.250000e+01
11 63
12 2.850000e+01
13 4.050000e+01
14 33
15 3.750000e+01
16 7.050000e+01
17 42
18 3.150000e+01
19 30
20 15
21 3.750000e+01
22 4.350000e+01
23 30
24 2.850000e+01
25 72
26 69
27 2.250000e+01
28 72
29 5.850000e+01
30 18
31 7.050000e+01
32 21
33 2.850000e+01
34 48
35 2.550000e+01
36 4.950000e+01
37 6.150000e+01
38 5.550000e+01
39 48
40 3.150000e+01;
param tempoe=0.000602;
