param nvertices=10; #numero de vertices
param ndemandas=40; #numero de demandas
param capacidadeij: 1 2 3 4 5 6 7 8 9 10 :=
 1 100 100 100 100 100 100 100 100 100 100
2 100 100 100 100 100 100 100 100 100 100
3 100 100 100 100 100 100 100 100 100 100
4 100 100 100 100 100 100 100 100 100 100
5 100 100 100 100 100 100 100 100 100 100
6 100 100 100 100 100 100 100 100 100 100
7 100 100 100 100 100 100 100 100 100 100
8 100 100 100 100 100 100 100 100 100 100
9 100 100 100 100 100 100 100 100 100 100
10 100 100 100 100 100 100 100 100 100 100; #Capacidade de banda de comunicacao de cada arco
param Adj: 1 2 3 4 5 6 7 8 9 10 := 
1 0 0 0 0 0 1 0 0 1 1
2 0 0 1 0 1 0 0 0 0 1
3 0 1 0 1 1 0 0 1 0 0
4 0 0 1 0 0 0 1 1 0 0
5 0 1 1 0 0 0 0 0 0 1
6 1 0 0 0 0 0 0 0 0 1
7 0 0 0 1 0 0 0 1 1 0
8 0 0 1 1 0 0 1 0 0 0
9 1 0 0 0 0 0 1 0 0 1
10 1 1 0 0 1 1 0 0 1 0;  #Matriz de adjacencia da topologia
param I: 1 2 3 :=
1 2.000000 3.000000 12.000000
2 7.000000 2.000000 11.000000
3 9.000000 3.000000 13.000000
4 6.000000 5.000000 19.000000
5 3.000000 6.000000 14.000000
6 10.000000 5.000000 18.000000
7 1.000000 4.000000 10.000000
8 4.000000 3.000000 12.000000
9 9.000000 3.000000 10.000000
10 9.000000 5.000000 11.000000
11 7.000000 8.000000 10.000000
12 3.000000 4.000000 17.000000
13 7.000000 6.000000 10.000000
14 8.000000 3.000000 18.000000
15 9.000000 4.000000 17.000000
16 8.000000 2.000000 19.000000
17 9.000000 4.000000 16.000000
18 10.000000 2.000000 14.000000
19 9.000000 2.000000 12.000000
20 8.000000 3.000000 19.000000
21 3.000000 8.000000 14.000000
22 7.000000 9.000000 17.000000
23 5.000000 4.000000 14.000000
24 8.000000 9.000000 11.000000
25 6.000000 1.000000 14.000000
26 7.000000 5.000000 19.000000
27 8.000000 5.000000 17.000000
28 7.000000 9.000000 17.000000
29 2.000000 7.000000 11.000000
30 3.000000 7.000000 10.000000
31 1.000000 4.000000 17.000000
32 4.000000 5.000000 10.000000
33 5.000000 4.000000 18.000000
34 8.000000 3.000000 14.000000
35 4.000000 9.000000 13.000000
36 5.000000 10.000000 12.000000
37 9.000000 7.000000 17.000000
38 10.000000 5.000000 18.000000
39 8.000000 1.000000 16.000000
40 7.000000 3.000000 11.000000;
param Ib: 1 2 3 4 5 6 7 8 9 10 11 12 13 14 15 16 17 18 19 20 21 22 23 24 25 26 27 28 29 30 31 32 33 34 35 36 37 38 39 40 41 42 43 44 45 46 47 48 49 50 51 52 53 54 55 56 57 58 59 60 61 62 63 64 65 66 67 68 69 70 71 72 73 74 75 76 77 78 79 80 81 82 83 84 85 86 87 88 89 90 91 92 93 94 95 96 97 98 99 100 :=
1 11 15 19 14 13 9 10 14 20 9 10 14 8 21 15 12 16 8 8 13 11 18 11 18 10 17 20 18 13 14 9 14 11 15 10 8 12 13 10 12 16 20 12 19 14 11 19 15 9 19 8 17 13 17 13 10 16 14 15 7 9 19 17 20 9 11 15 14 16 18 7 11 12 17 17 14 11 16 13 21 12 9 13 16 19 17 12 9 13 18 11 10 17 7 10 11 17 18 11 9
2 26 23 14 23 27 14 25 22 17 15 15 21 29 17 29 13 34 24 13 20 15 16 30 25 25 15 19 14 23 31 17 17 32 24 17 28 29 33 18 24 13 12 14 34 18 29 21 32 12 32 33 16 29 31 13 28 16 19 34 21 27 32 27 27 19 17 12 12 19 25 32 20 33 17 13 29 12 18 23 30 14 33 28 22 19 18 20 20 24 21 24 29 33 31 22 29 16 19 18 27
3 37 34 23 36 27 35 19 26 26 14 38 30 33 32 34 27 15 29 19 17 22 29 21 29 32 34 25 16 38 25 39 17 29 26 26 16 27 24 20 28 32 20 36 31 26 28 29 25 29 23 33 24 25 18 34 19 38 16 38 32 26 29 24 37 36 24 19 22 24 34 16 24 26 14 19 18 24 23 25 37 23 24 33 35 35 35 15 14 30 39 27 16 26 32 31 31 27 39 29 17
4 18 22 32 24 30 30 15 15 28 14 25 16 21 11 20 29 20 22 12 23 17 19 22 19 15 29 17 23 23 22 25 30 21 25 17 16 26 20 19 15 21 23 27 12 32 24 17 28 27 19 14 21 24 32 12 15 18 26 28 22 18 14 17 22 27 14 17 12 14 25 20 23 16 26 16 26 32 22 18 28 25 22 28 28 29 29 28 11 21 28 24 25 21 24 12 33 17 23 22 18
5 17 36 19 46 26 35 24 26 25 37 18 47 23 38 47 33 20 41 39 29 42 42 26 26 19 31 44 46 49 46 36 24 30 36 44 45 22 43 48 33 17 27 49 41 37 22 43 30 26 41 31 17 17 47 17 48 39 31 48 23 34 36 36 47 39 28 31 33 36 39 29 31 31 34 46 34 39 26 29 40 27 27 26 45 36 18 29 30 37 23 45 32 17 35 34 27 19 30 36 39
6 17 6 13 16 9 13 14 13 12 18 10 9 16 14 8 14 7 8 8 7 8 7 16 9 17 9 8 14 17 12 13 7 15 15 14 9 12 15 10 10 13 10 7 12 15 12 16 8 11 14 10 9 14 10 10 11 17 7 15 10 8 7 11 10 14 14 8 6 14 12 14 14 9 16 17 15 16 6 13 14 7 17 8 15 15 8 10 10 9 16 7 11 10 11 18 13 12 10 15 10
7 19 19 29 24 12 28 18 10 14 29 23 26 26 17 14 21 29 20 24 12 27 10 29 28 13 30 17 12 13 17 19 21 26 28 11 28 24 22 30 14 24 11 15 25 20 14 19 18 18 11 20 15 10 25 24 28 21 19 30 25 17 23 17 16 27 21 19 19 21 30 22 20 11 24 28 16 27 10 12 17 20 21 20 17 10 20 27 26 18 27 29 21 23 23 14 11 13 14 25 17
8 45 28 53 23 25 23 31 39 31 32 21 28 18 28 32 37 36 39 36 51 54 44 27 29 24 43 32 49 38 21 40 34 31 31 27 53 29 35 42 39 47 20 53 41 33 42 31 50 40 24 42 52 29 32 20 35 24 19 19 23 37 43 29 20 48 48 37 54 25 23 25 28 45 31 23 53 41 30 44 27 53 22 28 35 27 22 36 35 30 26 43 27 54 21 52 24 53 25 40 18
9 24 30 54 57 46 46 24 25 25 63 23 25 63 63 38 29 64 44 34 35 43 59 42 50 25 49 46 50 49 55 52 44 56 64 26 52 45 27 39 56 53 28 26 29 64 40 66 67 50 66 43 55 47 43 53 24 62 26 62 25 33 65 37 29 35 32 50 41 32 62 30 48 56 68 41 59 23 61 23 44 60 46 25 67 65 39 54 68 53 40 68 55 41 60 49 36 65 51 25 59
10 16 18 15 6 11 6 9 11 13 14 14 15 15 10 15 7 9 12 14 7 10 18 16 12 16 8 7 7 13 8 13 16 11 15 9 8 7 10 9 10 18 8 18 12 7 16 16 7 14 11 7 7 12 14 10 15 17 10 12 7 15 15 10 13 15 11 15 15 6 13 11 11 9 16 15 10 9 7 7 15 11 17 15 17 10 8 17 10 7 6 14 16 17 15 8 17 11 16 13 10
11 38 32 17 20 18 20 19 41 36 39 18 15 32 16 22 30 32 40 41 20 24 38 26 36 23 18 24 18 24 19 24 17 24 41 23 30 33 21 40 23 18 29 20 32 35 22 16 36 30 20 33 35 28 20 33 31 32 40 19 15 15 34 16 42 21 27 17 27 26 40 22 27 25 31 40 30 41 42 30 32 26 25 15 22 24 30 25 19 35 19 18 41 35 36 36 17 42 22 34 42
12 19 15 20 21 15 16 13 19 15 18 25 15 34 16 24 13 27 23 15 27 28 22 21 32 29 20 24 26 28 29 29 30 31 28 33 32 20 13 12 15 31 24 34 34 21 34 17 33 13 17 12 16 15 15 22 32 34 19 24 12 21 14 19 28 16 27 12 23 23 24 16 18 21 31 21 13 26 18 29 32 15 34 23 34 31 25 18 22 33 15 22 13 28 27 31 32 21 33 18 25
13 47 27 45 54 64 48 37 48 53 42 35 50 26 62 31 37 51 53 51 38 40 57 59 30 56 64 39 44 67 40 27 27 62 37 36 52 28 53 68 40 30 38 38 64 28 60 59 51 34 69 41 38 58 68 34 52 45 43 30 60 49 57 54 42 63 24 44 56 64 68 67 34 31 33 64 35 65 62 27 29 68 25 37 55 40 51 47 66 30 48 58 66 26 69 47 54 49 53 57 39
14 6 12 14 8 9 12 6 10 14 7 11 13 6 8 12 12 11 7 8 11 12 8 6 10 15 7 7 10 10 7 10 6 14 8 7 8 11 5 7 12 13 13 8 12 7 13 10 13 6 12 7 11 12 7 6 5 10 12 13 8 6 15 9 11 14 13 6 12 14 5 11 12 7 8 7 6 14 7 14 6 15 6 12 13 6 14 8 14 5 5 6 11 9 10 13 15 10 7 5 10
15 8 19 9 20 18 13 12 18 10 19 14 16 17 18 19 9 14 16 19 20 15 15 8 11 19 19 19 9 13 8 18 14 10 17 13 17 18 10 11 18 8 10 18 15 11 13 16 14 16 9 9 14 10 17 16 19 8 11 12 17 17 17 10 17 7 14 9 18 21 11 10 10 10 19 12 19 14 15 10 11 13 13 14 11 17 14 17 8 18 13 17 16 13 20 18 15 13 13 20 18
16 9 12 11 5 6 9 13 7 14 7 11 6 14 15 6 7 15 14 13 13 14 9 15 11 6 14 11 10 10 15 15 9 7 12 8 12 10 11 7 8 10 10 8 7 13 7 12 13 12 8 11 14 8 7 6 7 9 7 14 13 14 5 14 11 10 11 7 8 8 14 14 11 5 9 9 9 12 12 8 15 6 7 9 9 8 15 8 13 13 7 12 5 12 5 12 8 11 5 7 7
17 18 12 22 33 15 23 26 19 29 29 19 19 15 32 12 34 21 21 20 25 31 19 32 17 28 21 22 28 29 25 33 31 23 33 20 21 33 32 22 32 29 12 30 25 25 32 18 18 19 31 25 20 18 19 16 27 31 31 29 21 23 33 21 27 20 20 32 21 13 31 19 21 16 25 15 24 18 26 25 16 22 24 17 18 21 19 23 13 32 17 23 22 31 24 28 17 13 32 19 22
18 23 26 66 30 67 58 50 23 29 53 60 69 61 64 41 24 66 23 41 27 62 27 53 65 54 46 35 36 54 56 50 24 34 26 56 44 50 43 56 41 66 36 36 29 54 32 45 44 68 53 54 40 30 31 63 40 43 51 45 68 54 52 64 36 67 48 49 53 39 68 64 51 39 33 55 28 61 24 41 38 49 32 49 35 67 63 24 44 38 42 57 42 24 27 55 34 47 25 54 25
19 35 14 33 20 37 31 18 16 34 22 23 22 20 38 28 27 31 26 36 41 31 32 24 32 41 28 19 26 30 18 27 18 17 20 15 28 25 30 20 37 31 28 23 40 37 26 38 29 18 31 15 32 36 39 17 17 16 22 41 29 25 34 37 29 22 17 21 39 21 37 31 37 16 30 29 36 37 24 21 34 18 38 41 17 17 30 29 20 38 30 33 27 32 30 27 17 18 22 39 19
20 25 42 50 53 36 24 39 45 39 37 39 48 41 30 37 55 39 24 53 25 41 47 28 37 41 48 44 25 47 34 33 23 45 27 46 27 21 32 43 47 52 27 30 29 40 43 34 35 30 22 45 55 35 42 54 30 30 24 28 19 23 42 39 33 43 41 32 40 34 46 29 39 30 27 25 54 25 19 49 43 46 20 37 32 44 49 43 50 34 29 42 42 44 21 46 23 55 54 31 26
21 38 25 32 33 19 34 27 37 22 41 34 35 19 37 24 25 17 19 25 21 38 19 16 32 38 29 35 40 29 39 37 33 29 42 18 35 39 29 25 36 22 41 19 30 38 19 26 34 23 23 26 39 34 41 21 22 21 26 21 26 40 35 32 41 21 29 34 29 17 17 27 40 26 27 41 21 24 26 17 42 16 24 38 40 34 32 30 31 39 21 40 31 41 15 35 40 16 18 25 33
22 31 38 63 38 45 69 29 45 53 73 63 36 58 67 39 26 70 46 70 62 68 45 73 54 65 26 64 52 33 58 68 55 42 26 66 70 69 37 66 32 71 68 51 48 31 70 67 69 69 39 41 27 66 59 67 48 70 60 69 44 48 49 33 34 61 65 63 66 26 67 66 34 72 64 60 47 28 56 39 25 35 72 40 28 61 33 52 71 62 71 63 30 42 31 55 70 34 65 27 52
23 7 14 8 18 9 17 9 10 18 19 19 9 14 17 13 10 10 15 10 9 10 9 7 7 17 14 11 16 18 13 15 7 9 9 9 19 7 10 12 15 13 7 13 8 12 8 16 14 7 15 17 18 17 13 8 12 8 10 10 11 8 17 19 14 19 10 13 9 16 16 19 12 12 12 9 15 8 15 9 13 16 18 14 16 18 16 19 18 19 18 8 18 10 9 9 8 13 10 16 9
24 31 31 50 26 36 45 56 24 45 45 35 40 33 43 23 40 25 28 58 50 24 36 22 40 39 41 41 24 59 54 41 51 34 42 39 34 42 49 34 60 27 49 57 43 27 42 30 40 37 37 58 50 54 62 27 37 58 48 61 27 29 54 24 38 43 60 46 59 30 24 34 23 23 37 22 33 22 36 38 39 32 61 34 50 52 40 45 61 50 46 25 53 53 46 38 59 61 38 52 56
25 53 36 50 41 46 36 63 50 62 69 32 35 46 43 32 37 55 38 32 53 42 60 48 64 32 37 34 36 63 65 61 43 53 68 28 37 32 43 38 40 57 53 60 69 29 42 54 55 30 67 46 69 28 45 49 41 64 61 35 41 57 61 24 61 42 27 69 69 51 41 61 37 43 26 52 33 49 25 54 36 60 56 62 34 38 64 41 65 29 61 63 53 42 51 27 33 23 30 59 23
26 25 21 15 15 23 10 21 24 23 11 12 19 14 21 15 23 10 22 21 12 18 9 22 10 22 11 10 13 19 10 13 12 16 18 14 25 16 11 25 10 23 19 15 13 21 17 18 9 24 19 15 12 12 24 25 20 11 13 18 20 14 25 11 22 19 21 19 14 11 25 18 25 17 12 20 16 16 16 15 13 20 22 13 23 9 10 17 24 25 16 9 18 17 21 23 20 13 22 21 20
27 29 37 31 17 41 31 33 39 41 27 33 28 43 24 16 28 32 19 25 17 21 38 18 22 44 35 29 29 36 22 41 20 31 17 24 17 37 22 26 20 32 21 16 26 31 30 32 23 31 21 45 19 45 39 23 31 45 31 18 18 19 16 46 40 35 19 45 27 33 20 24 44 33 28 35 34 41 35 26 38 39 46 45 32 37 31 45 45 40 33 26 24 27 40 34 44 35 41 25 31
28 26 49 25 39 60 39 39 42 63 46 34 46 64 62 44 64 40 27 39 60 49 67 26 38 48 53 53 33 38 62 58 30 61 23 63 33 31 26 66 63 51 44 50 57 26 50 67 42 60 31 61 53 39 48 50 56 66 28 59 59 33 43 54 44 36 58 25 42 56 60 61 57 34 23 43 38 65 40 46 41 50 35 48 49 23 61 67 51 27 28 40 28 32 50 38 45 65 62 52 51
29 25 17 31 13 17 14 33 19 25 27 32 30 17 17 29 18 23 13 19 26 19 37 37 29 35 35 33 35 17 23 21 17 17 18 35 24 34 13 26 24 33 35 15 30 37 19 20 32 28 28 33 13 37 29 37 24 32 15 33 19 16 25 16 18 20 28 19 28 21 27 35 33 33 18 19 20 31 30 34 34 16 24 17 15 21 19 22 29 29 20 14 26 24 18 17 19 20 32 21 28
30 17 27 16 32 25 27 33 13 16 38 37 25 32 35 20 30 25 17 22 18 14 15 33 34 29 31 28 32 17 20 34 29 37 36 18 14 24 22 36 20 28 35 25 26 38 30 16 18 21 16 15 25 21 37 36 39 34 28 30 23 31 19 20 27 13 14 25 28 34 33 24 31 34 16 14 32 34 32 39 17 32 30 34 16 18 17 15 21 35 37 21 34 34 15 24 36 35 13 16 13
31 21 30 21 58 36 54 46 48 40 45 45 22 29 51 28 55 24 34 29 54 20 27 23 55 47 39 33 21 33 47 34 50 39 56 48 29 22 48 40 35 43 30 39 28 33 55 56 24 58 41 37 50 40 34 21 53 29 57 50 60 56 27 34 24 51 59 58 54 26 33 43 54 20 49 22 59 49 53 31 36 57 33 28 44 49 27 45 44 39 22 21 51 27 54 31 32 39 20 30 52
32 68 25 47 45 30 58 51 51 62 63 45 30 44 53 59 45 36 29 66 63 41 42 29 65 35 31 71 33 25 68 25 29 41 67 35 32 72 42 36 55 33 66 43 32 62 30 41 26 46 60 35 62 67 58 42 60 71 72 58 54 65 39 41 59 58 48 25 30 52 39 45 65 50 62 55 69 70 68 68 70 50 47 52 46 72 65 42 48 71 27 72 55 67 39 56 60 60 35 50 31
33 47 20 22 33 41 45 31 25 19 36 47 30 48 19 31 32 20 54 51 22 26 50 18 23 37 48 30 27 54 29 33 19 36 19 36 31 48 21 41 48 23 37 20 33 52 50 35 25 33 40 53 49 34 36 45 34 48 44 38 27 31 22 54 43 30 49 35 43 49 50 53 44 22 40 26 23 21 29 35 52 33 36 19 29 33 36 36 24 42 46 27 45 41 24 44 49 43 46 33 35
34 21 17 38 35 43 24 24 20 21 38 26 27 28 41 28 43 29 46 24 19 22 43 31 21 27 42 33 41 19 46 41 23 24 32 45 21 35 43 16 41 46 34 27 18 42 34 17 35 27 38 45 29 40 43 37 34 35 33 35 17 40 48 23 44 41 44 21 38 43 43 26 46 32 40 26 43 37 16 20 18 44 21 39 45 20 48 19 33 17 30 27 18 35 16 29 35 18 30 22 32
35 22 20 24 24 29 13 13 26 20 26 18 28 18 17 27 28 24 20 14 26 19 13 29 30 18 15 13 28 11 15 31 27 20 25 20 19 30 28 21 29 20 16 24 22 20 17 17 30 14 28 21 17 18 24 14 11 17 13 25 27 16 22 27 11 30 21 27 31 11 13 20 30 31 16 23 16 11 31 28 23 16 17 25 27 25 23 24 29 23 21 29 21 30 12 18 25 16 29 31 22
36 52 30 38 52 25 26 26 52 40 40 39 52 41 21 44 20 36 40 40 32 30 22 39 46 40 44 37 53 47 39 53 31 29 38 39 43 22 46 26 46 23 24 41 40 27 44 36 46 34 33 51 49 36 35 21 38 31 49 53 37 39 38 22 20 47 49 23 45 39 33 35 24 22 35 32 52 54 32 41 24 45 35 43 33 45 51 39 40 41 21 42 32 38 18 41 32 25 41 42 34
37 21 44 41 28 21 42 47 26 33 21 46 21 57 33 44 44 22 43 27 25 36 40 32 42 30 26 22 52 47 28 23 37 39 53 22 54 50 22 28 21 31 37 32 51 34 36 48 42 26 23 23 27 56 38 37 52 51 48 27 55 60 38 51 55 49 38 27 51 40 40 27 56 30 39 56 26 33 25 38 33 22 56 44 27 39 26 52 40 24 27 32 57 37 29 60 22 23 29 32 24
38 30 54 38 45 31 29 48 40 28 46 59 64 33 62 30 54 36 58 64 23 51 54 35 64 43 48 62 61 41 38 59 52 50 28 28 63 25 47 43 43 62 37 43 65 64 46 22 43 56 44 41 51 54 42 44 46 39 62 55 34 65 30 45 33 33 35 41 59 34 63 34 54 47 54 47 42 34 49 65 50 35 62 59 60 54 60 55 33 26 44 48 30 36 48 64 25 35 25 27 56
39 26 18 44 18 48 51 37 47 28 40 41 18 47 37 49 48 51 49 41 47 42 35 25 50 33 20 51 37 47 27 29 33 47 49 52 30 46 50 38 23 42 35 52 27 22 28 47 18 46 41 18 22 25 43 51 23 20 18 38 39 21 47 42 31 49 29 45 32 28 25 50 36 28 41 33 28 32 46 49 32 41 40 51 44 50 31 24 51 42 48 47 28 27 44 19 39 22 18 30 33
40 29 28 26 11 12 13 12 23 23 15 12 18 23 24 31 28 22 24 26 23 29 11 22 17 28 28 30 11 11 22 27 29 23 13 12 13 27 31 20 13 14 11 20 28 30 30 24 23 21 21 17 17 20 17 13 30 24 26 19 24 18 22 19 25 23 24 24 31 22 24 15 27 19 18 27 25 24 13 14 25 21 11 20 20 15 29 13 23 28 18 16 28 19 30 18 12 18 26 23 16;
param maxIb: 1 :=
1 21
2 3.450000e+01
3 39
4 33
5 4.950000e+01
6 18
7 30
8 54
9 69
10 18
11 4.350000e+01
12 3.450000e+01
13 69
14 15
15 21
16 15
17 3.450000e+01
18 69
19 42
20 5.550000e+01
21 42
22 7.350000e+01
23 1.950000e+01
24 63
25 69
26 2.550000e+01
27 4.650000e+01
28 6.750000e+01
29 3.750000e+01
30 39
31 60
32 7.350000e+01
33 54
34 48
35 3.150000e+01
36 54
37 60
38 66
39 5.250000e+01
40 3.150000e+01;
param tempoe=0.000636;
