param nvertices=10; #numero de vertices
param ndemandas=40; #numero de demandas
param capacidadeij: 1 2 3 4 5 6 7 8 9 10 :=
 1 100 100 100 100 100 100 100 100 100 100
2 100 100 100 100 100 100 100 100 100 100
3 100 100 100 100 100 100 100 100 100 100
4 100 100 100 100 100 100 100 100 100 100
5 100 100 100 100 100 100 100 100 100 100
6 100 100 100 100 100 100 100 100 100 100
7 100 100 100 100 100 100 100 100 100 100
8 100 100 100 100 100 100 100 100 100 100
9 100 100 100 100 100 100 100 100 100 100
10 100 100 100 100 100 100 100 100 100 100; #Capacidade de banda de comunicacao de cada arco
param Adj: 1 2 3 4 5 6 7 8 9 10 := 
1 0 0 1 0 0 1 1 1 0 1
2 0 0 0 1 1 0 1 0 1 1
3 1 0 0 1 0 1 1 0 0 1
4 0 1 1 0 0 0 1 0 0 0
5 0 1 0 0 0 0 0 0 1 1
6 1 0 1 0 0 0 0 1 0 1
7 1 1 1 1 0 0 0 0 0 0
8 1 0 0 0 0 1 0 0 0 1
9 0 1 0 0 1 0 0 0 0 0
10 1 1 1 0 1 1 0 1 0 0;  #Matriz de adjacencia da topologia
param I: 1 2 3 :=
1 1.000000 4.000000 11.000000
2 6.000000 7.000000 15.000000
3 6.000000 8.000000 16.000000
4 7.000000 6.000000 11.000000
5 1.000000 3.000000 17.000000
6 9.000000 4.000000 18.000000
7 8.000000 6.000000 17.000000
8 2.000000 5.000000 13.000000
9 4.000000 6.000000 10.000000
10 8.000000 1.000000 19.000000
11 6.000000 9.000000 15.000000
12 9.000000 2.000000 11.000000
13 9.000000 2.000000 14.000000
14 8.000000 5.000000 11.000000
15 2.000000 5.000000 17.000000
16 8.000000 1.000000 19.000000
17 3.000000 6.000000 11.000000
18 2.000000 9.000000 18.000000
19 4.000000 1.000000 14.000000
20 7.000000 8.000000 17.000000
21 4.000000 1.000000 12.000000
22 4.000000 9.000000 13.000000
23 1.000000 10.000000 17.000000
24 7.000000 9.000000 14.000000
25 8.000000 6.000000 12.000000
26 6.000000 9.000000 13.000000
27 3.000000 2.000000 17.000000
28 3.000000 5.000000 17.000000
29 8.000000 3.000000 17.000000
30 4.000000 3.000000 11.000000
31 1.000000 6.000000 14.000000
32 5.000000 8.000000 18.000000
33 10.000000 3.000000 19.000000
34 5.000000 1.000000 17.000000
35 10.000000 9.000000 16.000000
36 7.000000 8.000000 14.000000
37 3.000000 6.000000 16.000000
38 4.000000 8.000000 10.000000
39 3.000000 6.000000 11.000000
40 9.000000 2.000000 17.000000;
param Ib: 1 2 3 4 5 6 7 8 9 10 11 12 13 14 15 16 17 18 19 20 21 22 23 24 25 26 27 28 29 30 31 32 33 34 35 36 37 38 39 40 41 42 43 44 45 46 47 48 49 50 51 52 53 54 55 56 57 58 59 60 61 62 63 64 65 66 67 68 69 70 71 72 73 74 75 76 77 78 79 80 81 82 83 84 85 86 87 88 89 90 91 92 93 94 95 96 97 98 99 100 :=
1 45 31 58 37 62 54 29 29 40 47 24 63 41 27 32 58 61 24 57 47 56 57 28 38 44 50 52 35 45 51 45 39 33 53 38 37 56 53 61 59 46 50 34 61 44 53 53 45 43 23 31 21 47 45 28 52 28 26 56 41 56 44 35 58 58 32 48 49 63 41 30 59 30 53 39 60 58 43 57 52 32 54 41 53 51 40 43 46 47 55 29 51 40 45 22 27 50 52 40 37
2 19 29 19 35 25 15 32 19 18 29 35 28 33 30 22 25 32 24 13 24 34 14 26 17 33 19 37 19 18 25 25 16 21 27 23 20 19 22 18 26 29 23 19 20 17 27 26 16 26 20 24 17 23 30 28 17 32 14 15 14 37 33 26 32 28 17 27 33 13 15 13 14 21 22 29 15 33 24 29 29 20 17 21 35 20 23 28 15 20 37 16 25 29 16 24 18 27 18 17 31
3 28 52 53 28 46 31 29 18 47 39 37 44 22 29 36 20 33 44 30 30 53 28 34 28 26 41 32 45 31 25 44 49 28 27 18 45 47 30 44 19 38 31 18 44 24 46 51 49 35 29 51 32 29 34 45 21 37 53 51 39 48 23 19 20 50 24 40 51 30 53 53 33 52 52 45 19 41 28 21 44 28 53 34 29 34 18 50 47 53 36 41 50 23 32 48 20 38 40 33 35
4 47 71 45 51 70 68 28 53 65 40 50 62 42 55 63 50 30 32 32 71 50 64 46 37 49 61 54 27 51 43 59 39 41 50 49 57 58 32 67 66 62 40 61 48 41 65 42 56 42 52 36 48 55 38 50 71 59 71 25 35 44 50 30 57 63 71 67 60 63 65 65 64 67 38 51 50 30 38 65 64 31 31 59 36 44 31 38 27 60 48 71 58 62 28 61 55 25 48 53 66
5 24 60 59 35 70 40 53 56 66 72 64 71 31 67 60 26 36 29 72 71 69 28 65 44 72 59 65 71 60 52 43 56 68 57 69 29 69 58 54 44 64 51 40 57 46 59 65 54 57 63 34 52 71 36 42 55 28 27 46 42 62 60 29 27 50 60 58 26 40 64 25 69 25 56 51 33 40 61 58 71 65 29 29 71 36 57 34 46 53 63 59 50 49 72 72 57 61 60 65 47
6 19 16 15 30 32 20 23 17 34 30 13 18 24 14 18 18 14 16 20 33 19 36 22 21 13 30 37 15 23 37 21 29 16 13 32 21 18 26 17 23 33 23 29 37 34 16 24 18 20 13 34 14 13 17 22 29 36 31 13 18 17 16 26 30 25 30 25 26 13 32 32 35 18 20 15 29 15 30 23 27 14 21 22 21 15 30 17 33 21 16 33 16 32 13 26 26 17 32 22 17
7 8 13 11 8 13 15 7 5 13 10 13 13 7 11 7 9 9 9 6 9 9 10 10 13 15 12 13 5 7 6 11 7 14 7 13 5 13 7 8 7 6 14 9 10 13 7 14 15 8 13 9 13 12 11 12 11 7 6 11 9 10 12 8 12 14 14 8 6 11 8 10 5 14 13 13 8 14 15 10 6 12 11 7 6 11 6 12 11 5 12 7 11 12 6 9 7 5 12 14 10
8 36 37 43 42 27 43 29 33 37 44 34 30 19 54 44 20 27 35 28 44 48 39 44 52 48 30 36 47 46 19 47 32 20 37 40 25 37 19 28 42 48 23 39 29 24 41 31 36 19 33 21 23 47 34 37 25 30 22 28 30 24 45 53 39 48 21 39 39 42 26 44 49 41 20 45 26 31 41 46 26 43 22 48 50 28 25 48 32 41 39 53 27 26 18 49 39 39 26 48 51
9 14 16 8 15 16 7 16 7 6 8 17 17 15 9 10 12 18 14 16 8 9 10 11 7 16 17 14 17 13 15 14 12 14 7 9 11 15 9 17 14 15 9 16 13 8 13 11 13 7 9 14 11 12 13 11 17 6 14 18 7 18 11 9 9 12 17 10 18 17 9 17 6 12 18 12 17 9 12 10 14 15 13 17 6 11 9 8 17 15 8 12 9 7 6 14 16 13 15 7 13
10 21 43 45 31 29 35 25 27 41 22 21 26 40 22 26 40 27 37 16 18 25 45 35 20 46 26 42 16 22 40 42 34 24 43 45 25 18 24 36 16 21 26 21 41 28 34 46 16 25 35 46 20 16 43 27 25 21 45 37 22 38 44 25 40 18 29 20 28 42 38 45 43 29 26 35 27 32 16 21 45 20 28 23 32 31 26 26 36 26 33 18 35 19 42 35 24 45 16 17 16
11 24 8 18 21 9 8 24 10 18 10 17 21 15 13 11 22 20 18 15 21 20 18 9 22 15 10 14 10 24 12 16 21 11 18 16 9 12 11 19 13 23 22 10 9 16 22 23 19 16 11 21 11 16 21 14 16 11 11 23 16 17 15 20 23 20 15 20 19 14 15 9 23 19 22 21 17 11 12 9 14 23 18 22 11 14 21 19 16 16 9 14 23 21 16 11 12 13 11 8 10
12 43 30 26 54 21 25 45 54 48 47 42 28 46 27 50 43 50 50 48 45 46 35 37 41 47 33 42 35 51 28 43 45 22 30 20 48 48 21 38 19 50 25 29 29 43 42 36 42 28 26 33 54 22 37 20 54 36 42 19 40 24 48 47 29 22 53 37 34 22 26 29 49 29 50 26 36 52 38 50 23 49 18 24 52 24 39 40 50 43 51 23 47 52 49 41 27 29 51 31 22
13 59 26 53 49 41 53 64 58 60 63 58 30 36 35 34 45 33 46 47 36 39 55 24 39 62 35 61 36 51 24 46 63 38 54 61 43 54 51 57 35 54 57 28 51 38 60 34 56 31 63 37 26 52 48 52 47 59 50 49 61 55 28 63 46 47 56 54 34 49 45 31 50 36 53 32 60 64 59 35 29 38 59 63 62 36 36 62 39 35 31 55 57 37 51 46 45 23 52 62 39
14 40 29 35 71 56 36 55 34 46 58 33 47 51 26 44 48 29 47 31 36 60 31 53 52 57 40 37 46 60 58 36 56 25 51 29 55 60 42 67 60 67 64 61 71 36 71 60 55 44 69 47 31 58 69 37 30 61 31 28 53 66 26 39 25 45 52 49 70 71 71 32 24 36 37 66 37 29 36 70 42 32 58 35 59 36 42 35 28 25 27 63 34 69 48 62 30 35 65 33 65
15 23 12 19 10 17 24 12 20 16 20 24 10 22 19 15 17 12 20 18 15 16 12 22 18 18 25 17 13 10 18 21 22 10 21 14 24 22 10 23 21 12 9 14 12 25 22 10 19 19 21 24 24 10 12 15 9 16 24 11 16 12 11 12 13 24 25 17 16 9 23 18 11 12 11 20 16 11 12 23 12 20 16 15 19 11 21 15 22 15 10 21 18 11 25 15 24 14 9 19 16
16 13 16 12 12 10 13 9 14 14 17 10 10 8 14 11 9 7 6 8 11 13 18 11 11 11 16 16 7 17 16 14 11 14 8 14 15 14 8 16 11 17 8 10 17 11 14 15 11 6 11 15 16 13 13 13 11 11 13 10 12 17 13 14 9 8 9 13 12 13 18 12 10 7 12 16 14 10 15 14 17 13 13 8 10 6 15 8 7 7 15 11 10 13 10 14 9 12 12 8 8
17 14 13 24 20 21 10 22 20 9 23 18 10 12 19 10 15 22 20 9 12 18 13 11 16 19 9 25 14 25 18 17 18 12 10 18 23 25 19 23 20 19 21 15 9 24 15 15 11 10 22 18 17 21 12 18 21 18 10 24 17 23 10 25 23 15 22 25 15 21 25 22 22 16 12 9 16 19 11 23 15 22 25 19 19 15 21 23 17 16 20 18 23 24 23 23 25 21 11 25 21
18 28 26 23 11 19 10 21 20 24 26 11 28 19 27 13 13 19 12 14 18 19 13 13 20 12 13 17 19 19 16 19 19 10 26 17 22 24 25 25 21 11 18 12 19 27 19 13 11 24 23 23 27 12 19 13 28 26 17 16 14 10 23 12 11 27 22 23 26 13 13 24 19 27 27 10 26 11 13 17 27 13 14 21 26 28 20 11 13 26 16 28 17 27 24 24 22 27 26 20 20
19 13 10 12 12 6 13 13 12 7 14 9 7 11 11 8 6 11 9 15 12 6 9 15 14 12 15 7 13 6 11 7 14 5 5 14 13 10 13 14 13 6 14 14 9 5 11 15 9 8 6 13 11 12 8 13 12 11 9 10 6 5 10 13 7 10 7 13 15 15 10 6 12 10 9 10 6 10 12 6 14 7 7 9 7 13 14 6 15 6 7 8 14 8 9 5 7 7 13 15 10
20 23 25 36 32 39 23 30 28 31 38 17 28 22 35 29 27 38 31 26 22 38 37 32 38 31 13 21 17 20 23 29 33 15 24 22 30 15 39 29 17 23 24 21 17 21 14 34 25 27 16 17 14 21 23 25 26 27 18 16 28 29 30 31 26 29 16 38 26 36 15 19 23 28 35 21 25 22 32 27 24 21 31 20 33 14 21 24 26 28 28 38 16 29 21 33 13 38 18 28 27
21 19 21 30 25 14 28 23 20 32 35 27 14 15 22 29 16 20 19 20 32 15 25 25 22 34 33 27 26 17 32 16 38 19 34 26 28 36 30 24 16 34 36 17 35 26 23 28 32 32 26 20 25 14 31 33 30 32 34 37 22 32 18 14 24 23 16 27 24 33 30 31 37 27 26 19 24 17 37 30 29 33 23 17 13 38 29 33 17 35 22 22 34 32 27 20 15 37 20 21 38
22 31 30 22 23 33 49 50 28 28 47 34 28 23 40 24 40 46 30 33 22 38 30 41 48 48 42 32 47 26 34 35 52 41 28 41 21 35 49 46 41 39 24 53 53 52 36 37 51 47 50 28 30 40 39 22 19 20 37 24 27 38 36 36 24 42 36 37 22 35 38 44 34 40 24 36 22 37 35 18 42 50 47 22 54 37 22 37 32 40 22 18 37 40 49 40 21 38 21 40 40
23 58 28 22 20 52 21 23 24 43 25 58 54 57 34 21 43 37 28 43 37 44 31 49 38 25 49 38 51 43 51 39 38 49 41 28 30 57 57 48 34 26 42 31 57 21 29 34 24 21 45 30 52 45 22 57 35 46 45 48 27 49 21 51 29 28 46 25 30 35 32 54 57 58 55 54 56 51 50 24 35 34 28 20 41 52 31 38 57 43 44 44 34 30 28 55 51 45 56 51 40
24 23 31 28 34 33 32 39 38 28 31 16 41 26 26 39 38 29 21 31 23 39 22 29 18 31 37 15 35 37 38 27 42 21 18 37 20 14 35 21 21 21 33 19 42 38 37 26 31 17 25 25 19 20 37 35 35 28 20 15 37 37 31 17 37 33 41 35 39 32 16 40 18 30 39 26 40 36 24 19 39 17 29 40 33 21 14 37 39 38 37 33 34 15 37 34 17 30 33 19 32
25 32 66 62 49 33 44 47 54 27 33 65 35 69 44 64 65 63 52 66 58 43 46 58 38 70 49 56 29 49 57 39 24 36 31 60 29 31 43 46 34 43 33 33 25 67 61 69 35 69 71 24 51 58 50 53 67 63 66 37 60 55 49 53 38 66 38 70 35 35 53 51 59 38 25 58 55 38 41 56 54 69 40 71 69 69 66 48 30 58 70 60 39 57 43 58 69 29 67 28 56
26 38 62 40 53 36 48 50 35 32 51 52 33 61 62 25 64 28 65 51 65 54 44 30 33 53 43 26 46 24 56 29 50 52 60 33 31 64 49 61 43 41 50 53 23 57 29 50 61 48 63 45 63 37 57 48 29 38 52 23 45 25 50 59 22 48 40 47 59 50 45 41 28 48 60 41 33 27 26 31 56 28 54 44 42 57 53 58 27 57 57 34 24 57 33 44 48 39 43 45 48
27 10 22 16 17 22 18 12 18 17 8 13 11 13 17 11 23 12 9 12 16 10 11 12 21 13 12 13 9 17 20 11 8 18 18 15 8 12 21 24 18 14 11 11 22 23 13 17 9 22 9 17 15 16 14 20 14 19 17 13 22 14 22 18 12 22 20 20 17 15 17 15 11 22 17 20 14 18 18 15 10 14 24 22 13 22 8 11 19 20 19 19 10 19 11 12 19 19 17 19 18
28 52 38 36 44 40 33 44 39 41 45 35 40 30 36 19 38 35 21 40 32 27 20 20 28 41 24 28 36 37 24 47 18 41 19 44 30 48 44 37 25 21 34 30 30 46 50 41 25 42 36 28 46 48 32 30 42 50 48 48 49 20 49 45 23 50 32 43 20 24 39 44 38 36 24 18 40 41 20 38 35 49 31 22 27 40 51 45 43 46 43 20 40 38 48 23 48 30 32 19 42
29 24 43 47 28 53 20 19 22 20 49 31 26 41 20 27 33 28 38 39 26 30 34 54 27 19 40 21 25 38 36 27 20 46 47 42 27 48 55 44 38 30 50 47 48 54 26 42 43 19 26 43 49 19 38 44 33 24 43 55 42 32 53 19 33 49 42 21 33 23 40 42 51 20 45 42 19 26 25 55 49 21 36 20 30 28 39 20 46 24 35 50 26 25 40 23 54 28 41 50 23
30 24 55 49 25 57 28 57 34 50 46 34 55 47 25 39 25 58 22 32 47 24 28 20 38 38 22 51 30 34 32 55 22 57 51 38 32 55 32 40 24 28 54 39 37 40 53 48 30 48 27 31 24 58 46 40 23 37 55 35 24 57 45 35 52 27 57 42 46 21 56 40 52 33 57 30 43 22 55 22 57 34 48 24 58 41 58 29 40 40 48 25 29 28 31 23 21 49 47 51 42
31 23 15 28 22 30 36 13 36 36 37 22 30 27 34 37 17 22 24 25 17 14 18 32 23 35 17 30 21 27 27 17 31 33 21 34 31 19 16 20 34 15 21 14 20 14 35 35 14 36 24 29 33 34 14 22 35 37 30 19 27 26 36 28 32 36 31 17 21 29 26 30 29 21 18 33 36 16 32 32 24 24 14 25 30 14 23 26 16 30 15 15 33 23 29 17 34 19 29 16 22
32 19 23 14 16 26 27 28 18 14 22 28 32 37 35 31 16 22 30 13 23 34 34 29 25 36 25 24 29 37 24 26 19 26 31 22 13 15 35 16 22 26 28 18 31 33 33 22 22 26 16 28 26 21 22 30 23 14 31 17 35 24 18 13 31 19 32 30 17 25 14 31 13 31 18 22 35 14 32 31 21 35 27 36 17 21 13 27 13 32 33 17 34 26 33 15 36 14 29 22 13
33 42 36 39 51 45 47 51 31 35 29 38 34 54 51 36 29 46 33 25 39 41 18 50 33 24 26 47 42 52 33 29 42 34 40 23 45 20 51 52 28 43 52 31 32 35 33 24 24 24 29 35 50 20 51 42 45 28 32 19 34 29 23 42 45 27 28 52 54 23 41 28 29 48 22 34 41 38 25 27 42 23 34 29 25 21 23 45 26 18 21 46 43 28 34 20 46 52 38 27 23
34 22 33 14 12 24 31 22 28 18 29 14 24 23 27 17 14 19 28 33 22 29 24 24 30 23 19 24 13 18 25 18 16 14 30 27 34 22 31 20 32 31 31 12 31 21 27 15 31 22 18 24 32 24 32 25 26 34 28 34 19 24 23 19 25 19 21 16 27 32 24 34 34 16 32 31 17 28 34 32 30 26 27 32 22 27 24 18 15 32 32 25 15 14 14 15 30 19 18 31 34
35 10 14 16 12 11 13 19 14 24 26 19 24 18 20 26 21 15 26 13 16 23 19 14 20 10 19 14 22 21 19 14 11 11 11 26 19 17 24 20 12 16 11 19 24 17 10 14 15 25 13 14 19 11 27 17 22 12 21 22 26 11 13 9 22 10 10 21 25 15 14 19 26 22 16 27 24 24 10 12 24 20 25 10 22 24 26 16 22 26 13 25 25 11 22 22 21 24 25 23 22
36 42 18 37 19 34 46 36 46 27 32 25 19 43 35 17 45 35 18 22 20 38 39 44 21 24 40 24 32 45 26 44 23 27 40 21 37 43 25 25 47 32 47 33 17 29 23 33 46 33 43 37 25 25 39 18 29 38 38 32 21 28 39 19 30 35 44 29 20 18 28 37 40 28 35 46 32 43 43 29 43 38 37 31 47 28 47 41 19 37 21 29 24 19 27 27 26 37 17 29 36
37 45 57 20 56 23 49 29 58 34 39 25 35 40 57 43 27 42 27 53 39 26 27 48 60 49 56 35 34 37 52 45 55 48 23 45 46 37 55 49 53 41 51 54 31 26 59 59 30 57 57 41 50 23 25 59 59 54 29 52 47 56 56 22 39 23 32 37 33 53 32 22 37 27 24 52 30 57 59 41 28 31 56 25 55 49 33 53 34 37 27 25 47 37 48 58 27 31 53 52 37
38 27 16 18 13 23 25 18 24 17 16 19 26 15 11 9 20 13 20 17 19 11 22 16 11 21 21 24 21 19 23 14 17 13 25 20 23 17 10 20 14 10 18 9 25 16 19 19 20 15 14 24 17 13 10 9 20 26 16 16 18 16 16 15 11 17 25 13 9 26 26 24 16 18 13 26 22 21 9 11 20 21 22 24 15 15 24 22 26 9 23 20 19 13 25 15 15 13 23 23 23
39 26 24 16 43 34 33 30 35 23 34 30 41 36 27 42 21 26 39 29 42 21 30 41 42 43 29 38 35 44 22 21 22 43 41 42 25 41 44 27 23 16 42 21 29 44 30 23 17 32 20 44 32 19 35 23 39 21 33 30 45 31 22 34 28 38 28 20 37 16 39 35 38 16 18 43 31 33 31 42 39 27 44 43 18 21 35 30 17 34 34 29 23 26 23 36 31 22 19 26 29
40 51 70 42 58 47 41 47 53 28 27 53 60 52 47 36 55 35 29 37 42 31 38 69 44 28 42 60 61 57 57 45 63 28 27 69 24 56 24 54 53 65 42 66 56 45 41 43 58 68 69 44 68 61 51 44 48 34 65 51 54 35 42 62 57 37 63 45 26 35 59 58 56 57 57 38 56 26 36 41 59 46 69 34 67 60 44 53 61 60 70 69 34 57 67 52 56 24 58 28 27;
param maxIb: 1 :=
1 63
2 38
3 54
4 74
5 72
6 38
7 15
8 54
9 18
10 47
11 24
12 54
13 65
14 72
15 26
16 18
17 26
18 29
19 15
20 39
21 39
22 54
23 59
24 42
25 72
26 66
27 24
28 53
29 56
30 59
31 38
32 38
33 54
34 35
35 27
36 48
37 60
38 27
39 45
40 71;
param tempoe=0.000699;
