param nvertices=10; #numero de vertices
param ndemandas=40; #numero de demandas
param capacidadeij: 1 2 3 4 5 6 7 8 9 10 :=
 1 100 100 100 100 100 100 100 100 100 100
2 100 100 100 100 100 100 100 100 100 100
3 100 100 100 100 100 100 100 100 100 100
4 100 100 100 100 100 100 100 100 100 100
5 100 100 100 100 100 100 100 100 100 100
6 100 100 100 100 100 100 100 100 100 100
7 100 100 100 100 100 100 100 100 100 100
8 100 100 100 100 100 100 100 100 100 100
9 100 100 100 100 100 100 100 100 100 100
10 100 100 100 100 100 100 100 100 100 100; #Capacidade de banda de comunicacao de cada arco
param Adj: 1 2 3 4 5 6 7 8 9 10 := 
1 0 0 1 0 0 1 1 1 0 1
2 0 0 0 1 1 0 1 0 1 1
3 1 0 0 1 0 1 1 0 0 1
4 0 1 1 0 0 0 1 0 0 0
5 0 1 0 0 0 0 0 0 1 1
6 1 0 1 0 0 0 0 1 0 1
7 1 1 1 1 0 0 0 0 0 0
8 1 0 0 0 0 1 0 0 0 1
9 0 1 0 0 1 0 0 0 0 0
10 1 1 1 0 1 1 0 1 0 0;  #Matriz de adjacencia da topologia
param I: 1 2 3 :=
1 1.000000 7.000000 13.000000
2 1.000000 6.000000 14.000000
3 2.000000 1.000000 10.000000
4 6.000000 4.000000 14.000000
5 4.000000 10.000000 13.000000
6 7.000000 10.000000 17.000000
7 4.000000 10.000000 15.000000
8 4.000000 6.000000 17.000000
9 6.000000 8.000000 15.000000
10 7.000000 2.000000 10.000000
11 2.000000 8.000000 13.000000
12 10.000000 5.000000 14.000000
13 1.000000 9.000000 17.000000
14 10.000000 3.000000 12.000000
15 10.000000 6.000000 11.000000
16 4.000000 10.000000 18.000000
17 9.000000 7.000000 11.000000
18 2.000000 8.000000 17.000000
19 6.000000 7.000000 18.000000
20 6.000000 9.000000 16.000000
21 9.000000 4.000000 15.000000
22 8.000000 10.000000 10.000000
23 1.000000 10.000000 18.000000
24 5.000000 6.000000 10.000000
25 7.000000 3.000000 13.000000
26 10.000000 9.000000 12.000000
27 10.000000 6.000000 10.000000
28 2.000000 5.000000 18.000000
29 8.000000 4.000000 18.000000
30 4.000000 8.000000 10.000000
31 6.000000 4.000000 16.000000
32 2.000000 8.000000 11.000000
33 3.000000 8.000000 14.000000
34 5.000000 7.000000 11.000000
35 2.000000 10.000000 17.000000
36 5.000000 8.000000 18.000000
37 3.000000 7.000000 15.000000
38 7.000000 5.000000 19.000000
39 9.000000 5.000000 15.000000
40 8.000000 4.000000 15.000000;
param Ib: 1 2 3 4 5 6 7 8 9 10 11 12 13 14 15 16 17 18 19 20 21 22 23 24 25 26 27 28 29 30 31 32 33 34 35 36 37 38 39 40 41 42 43 44 45 46 47 48 49 50 51 52 53 54 55 56 57 58 59 60 61 62 63 64 65 66 67 68 69 70 71 72 73 74 75 76 77 78 79 80 81 82 83 84 85 86 87 88 89 90 91 92 93 94 95 96 97 98 99 100 :=
1 34 45 46 22 56 40 22 28 57 44 24 45 26 21 43 56 35 23 36 35 36 21 29 19 34 43 31 31 28 31 22 47 35 50 38 29 24 30 54 50 50 42 50 25 35 38 46 24 40 32 54 41 34 37 33 31 21 45 29 38 21 48 54 42 28 44 55 35 40 47 27 26 31 26 55 24 31 42 28 55 21 48 34 25 46 57 27 39 47 40 50 34 40 38 19 23 35 52 28 28
2 16 15 19 12 23 33 16 15 19 26 20 32 22 24 14 26 22 27 29 16 28 30 32 22 23 27 16 16 33 20 32 26 30 20 19 31 32 24 16 33 16 33 33 27 27 26 12 24 13 31 25 12 30 28 16 30 26 15 16 17 24 14 16 18 27 34 31 24 19 14 15 26 21 32 26 20 27 12 15 30 33 16 29 14 15 28 24 14 21 27 22 26 16 13 28 20 31 26 32 20
3 21 20 28 19 14 31 35 24 34 28 33 34 19 28 36 36 36 33 17 36 32 31 23 36 29 35 18 18 21 25 38 22 16 30 37 22 16 36 38 32 18 24 18 17 28 19 33 14 17 24 39 17 17 28 28 32 15 21 15 31 21 23 33 15 37 19 35 38 30 25 32 21 20 34 22 24 14 28 34 25 21 30 26 18 29 17 17 27 19 18 28 29 16 20 37 13 18 15 36 16
4 55 47 29 36 45 44 23 24 56 27 52 63 26 53 46 46 44 23 58 37 45 45 40 52 34 37 57 41 50 36 59 33 33 52 36 62 37 48 49 49 46 50 54 64 23 47 23 35 48 36 43 42 50 65 61 52 39 53 53 27 55 49 25 49 64 34 63 63 65 52 66 58 62 32 45 55 25 51 38 46 31 40 39 55 39 43 23 53 31 48 63 51 25 47 25 67 28 40 38 31
5 14 7 10 16 9 17 18 8 7 7 19 8 17 16 9 18 12 18 14 9 9 11 15 9 14 19 18 19 14 8 9 8 8 13 19 15 12 12 15 8 19 15 8 11 17 18 17 15 10 10 17 8 9 17 14 10 15 8 19 13 19 7 19 16 19 7 19 9 7 7 8 15 9 9 13 8 18 17 18 13 11 7 13 7 17 8 8 15 16 15 16 10 7 10 18 10 18 11 12 8
6 24 28 22 19 24 27 27 16 19 19 19 12 16 27 12 18 10 23 21 11 23 21 26 29 22 19 21 22 30 15 26 12 15 21 22 17 20 16 20 23 21 20 22 11 27 24 28 14 14 16 21 20 15 21 20 17 11 21 22 19 27 29 15 19 22 29 17 11 22 19 26 18 16 26 26 29 28 13 29 22 17 27 19 22 30 28 28 26 12 27 26 16 29 27 11 27 29 18 11 22
7 26 42 22 60 36 49 57 54 27 42 37 30 44 22 47 56 51 33 24 57 40 36 62 30 39 33 53 44 49 46 37 27 26 34 60 27 55 43 54 63 49 42 57 47 60 31 43 38 35 56 22 44 29 22 36 43 57 24 37 52 28 44 25 38 39 23 55 47 63 50 31 33 52 48 24 63 37 53 28 61 59 27 59 40 45 55 54 40 33 24 59 56 22 37 29 34 28 33 25 25
8 29 47 52 50 29 46 59 72 47 45 66 46 29 35 53 30 63 56 54 30 57 57 34 71 36 73 34 57 46 32 47 62 62 38 66 40 47 31 26 54 54 36 71 70 54 43 64 55 56 69 72 56 51 72 27 39 37 59 28 50 30 63 52 68 65 49 40 44 70 67 52 30 33 53 63 27 41 38 64 30 37 32 55 66 35 40 25 56 72 39 48 30 47 44 38 34 41 69 25 46
9 42 56 34 20 19 53 45 32 50 49 56 24 49 54 36 49 42 31 20 24 37 30 39 31 22 20 26 25 32 29 43 30 21 54 53 42 42 33 39 24 21 35 49 39 48 51 37 57 42 54 29 35 50 47 25 23 28 56 25 56 46 20 46 26 34 48 49 20 24 34 50 35 39 43 23 40 49 39 48 45 47 26 33 35 36 41 42 29 40 53 32 53 55 28 30 43 23 51 52 43
10 22 21 39 31 39 34 41 44 42 20 18 31 32 43 23 42 22 34 33 31 21 25 26 36 24 30 24 35 27 25 33 43 35 24 32 17 35 16 29 19 24 41 27 41 41 28 31 45 25 23 44 16 28 44 45 25 42 39 38 29 45 38 28 27 28 22 34 17 46 41 26 22 20 40 21 40 40 36 21 46 23 42 23 46 38 26 31 26 40 45 21 20 19 36 36 37 29 36 37 45
11 37 30 41 33 24 28 52 39 30 40 48 66 37 38 65 64 53 69 66 29 24 62 36 58 27 48 57 38 24 57 30 51 66 54 32 36 36 57 39 38 48 33 30 35 66 48 26 69 32 35 44 44 57 26 64 43 37 51 63 64 35 29 68 63 51 66 57 39 51 57 41 44 38 46 64 54 59 40 27 65 58 24 38 60 60 67 33 55 36 50 26 41 31 33 63 58 38 30 50 30
12 23 17 20 15 41 20 36 29 24 28 19 42 26 23 40 27 17 31 36 24 15 32 32 37 16 17 30 40 24 41 28 18 43 29 18 33 41 36 33 26 15 19 22 18 43 24 27 42 19 15 43 42 40 39 16 38 41 33 34 42 17 20 29 23 15 17 34 41 32 42 21 17 22 39 19 28 42 36 21 41 35 29 25 39 35 27 34 15 25 29 27 24 16 36 34 22 15 36 31 29
13 47 37 27 27 37 22 43 47 24 25 23 47 24 38 22 37 45 18 17 32 26 39 45 29 46 33 40 21 37 25 38 37 40 19 33 25 30 33 33 20 24 36 25 32 34 43 42 20 26 27 26 39 31 39 29 32 31 17 42 31 32 35 46 31 17 30 18 25 46 37 43 31 34 30 22 39 18 20 44 44 28 33 46 47 44 43 40 27 45 22 46 22 36 47 27 23 39 24 17 26
14 48 41 46 35 27 20 33 25 48 39 49 45 40 22 41 18 32 30 40 43 48 35 36 44 40 23 17 47 31 49 24 32 34 37 20 20 47 27 24 32 21 48 49 37 25 46 39 47 50 32 39 19 51 35 33 18 40 18 38 25 32 44 32 30 38 23 35 29 31 49 28 48 19 18 28 34 29 48 18 37 23 31 45 23 20 43 30 22 48 21 28 44 19 45 20 17 50 42 46 35
15 24 9 24 12 15 10 14 20 22 18 12 21 10 21 21 20 15 21 23 15 9 15 12 25 15 25 23 16 10 18 23 25 17 23 25 24 18 14 21 24 14 24 24 16 11 17 12 18 24 19 23 20 15 25 18 25 18 12 16 21 14 13 22 22 15 10 18 10 23 11 12 24 15 14 22 14 23 12 18 22 24 23 25 12 11 9 22 17 11 19 25 14 15 18 11 10 19 20 22 22
16 20 13 12 15 11 16 15 14 13 9 13 14 18 14 16 21 22 22 8 13 17 15 22 11 11 15 21 8 13 21 21 17 12 19 20 16 8 16 10 12 19 14 16 20 14 18 18 15 10 11 8 18 17 16 10 14 16 8 15 17 20 21 11 9 9 12 15 17 20 12 10 14 12 12 9 11 13 12 13 18 9 16 10 16 12 9 12 10 22 12 19 8 21 12 10 11 18 13 8 16
17 20 26 39 17 22 36 20 23 31 26 21 33 32 44 27 30 19 34 41 37 34 34 19 25 32 26 31 31 22 27 31 39 45 30 25 38 23 41 42 38 32 36 19 17 21 19 41 15 37 30 43 38 44 31 16 30 39 33 22 38 20 37 15 32 44 30 21 30 19 17 25 41 43 42 17 23 39 16 27 17 23 18 41 44 28 24 30 42 32 17 19 26 16 19 39 26 40 39 25 38
18 31 52 40 25 51 42 48 34 52 29 47 22 20 39 54 28 33 25 48 50 51 46 32 48 25 39 53 44 38 45 37 21 22 43 30 30 49 26 25 52 25 34 36 34 47 43 24 43 19 26 29 39 25 39 26 40 38 20 52 40 32 37 35 20 22 41 46 41 48 41 35 23 30 32 35 22 38 26 32 49 49 40 26 42 22 34 52 41 43 18 45 22 43 52 41 39 22 39 43 36
19 39 26 51 61 46 23 32 50 25 25 31 43 28 45 24 25 65 27 28 51 23 26 45 24 24 26 62 60 27 67 27 55 29 35 56 45 41 59 30 37 61 40 56 40 57 28 52 48 23 49 59 31 65 31 24 62 30 55 64 26 63 25 66 33 42 27 46 24 46 66 34 44 61 37 53 24 47 45 59 52 31 33 64 42 65 30 35 34 23 66 62 46 51 61 52 45 66 36 54 48
20 33 47 55 56 23 30 55 51 42 42 52 48 45 42 21 24 43 25 30 55 32 44 20 26 38 25 25 47 53 34 49 53 22 32 49 49 41 40 58 29 32 29 46 39 21 40 23 46 44 24 35 30 55 59 43 49 25 23 28 60 30 59 25 39 49 44 54 43 58 35 31 49 37 37 53 37 32 21 27 50 21 52 32 56 36 23 25 54 22 28 53 56 41 52 55 26 31 28 26 45
21 61 58 61 44 51 39 44 36 29 56 39 51 64 34 52 32 51 52 62 26 43 56 30 36 58 47 40 64 38 53 26 22 31 38 37 36 28 31 63 31 59 47 52 53 37 35 64 62 46 24 32 29 31 59 45 56 42 44 43 59 55 36 40 63 56 43 50 62 60 25 42 59 23 56 31 41 38 27 54 29 39 44 24 61 28 48 53 57 58 61 42 44 51 52 31 62 23 58 45 60
22 20 16 18 28 27 13 28 25 14 24 12 30 22 13 19 21 16 31 28 18 27 11 23 26 15 12 24 28 29 18 27 20 17 19 31 21 13 14 12 30 31 27 15 30 18 30 24 26 20 23 19 15 25 28 29 17 30 27 29 12 16 25 26 11 14 16 13 20 27 29 24 27 25 31 15 11 14 27 19 29 25 28 12 12 19 31 23 16 19 25 14 14 23 22 13 15 21 31 30 25
23 18 18 7 16 14 18 15 14 12 8 19 18 10 19 19 9 19 12 19 7 10 9 9 10 18 16 12 17 13 9 10 17 16 15 8 17 19 14 12 17 9 17 14 12 15 8 8 11 17 15 13 8 7 8 16 18 14 14 12 7 14 9 15 11 14 9 11 19 18 8 18 17 13 18 12 18 10 18 16 7 9 16 11 12 10 9 10 10 14 12 11 10 11 13 15 15 13 9 9 16
24 12 20 22 22 12 12 14 20 16 22 17 20 24 14 16 17 16 10 9 16 15 12 20 14 21 21 21 22 17 22 24 17 12 9 8 12 9 15 16 20 19 23 24 21 20 11 8 24 20 16 21 17 20 8 16 21 8 8 18 15 14 10 18 13 21 22 13 15 20 21 21 23 11 16 20 14 21 15 22 20 17 11 23 15 23 13 8 23 14 15 13 13 19 19 8 11 9 11 16 19
25 46 34 66 35 55 35 39 65 63 54 64 39 69 43 64 57 69 73 30 35 54 54 64 25 69 27 61 26 31 30 54 44 45 45 73 67 71 40 42 40 42 67 50 43 32 40 31 69 31 41 33 44 49 58 37 63 66 62 41 64 36 34 64 62 64 33 63 30 41 42 73 57 42 49 31 68 70 69 53 29 49 69 25 52 52 52 34 49 62 43 45 69 46 68 62 57 35 54 35 64
26 37 33 53 20 22 47 36 53 55 52 32 40 39 53 33 37 32 34 40 28 34 49 42 37 48 53 49 19 33 22 56 32 33 55 30 33 52 27 19 24 37 51 24 24 24 25 23 22 25 47 47 38 42 46 39 46 39 20 46 49 19 35 28 32 19 42 33 49 33 41 33 52 56 43 22 20 35 37 54 22 30 53 25 19 53 50 46 54 31 30 34 55 56 19 33 29 19 32 55 55
27 39 43 55 25 49 34 59 43 59 34 38 31 49 48 39 33 26 46 47 47 27 32 42 53 29 33 25 58 53 54 39 30 47 34 47 24 57 55 57 42 55 46 43 24 53 57 62 38 37 31 60 43 62 58 61 42 50 35 35 41 44 29 53 55 42 48 62 61 24 31 64 35 43 49 59 34 40 22 58 48 44 48 24 39 40 36 23 23 59 60 29 23 47 57 36 64 51 45 43 57
28 25 14 24 19 13 12 12 12 11 13 25 23 14 15 23 10 13 17 15 10 15 21 17 24 23 26 27 27 22 17 16 22 22 16 21 23 12 12 17 24 23 24 12 15 21 28 10 23 22 19 11 16 28 12 19 14 28 12 27 13 15 26 24 20 15 23 26 26 17 24 25 20 16 14 17 28 11 22 10 26 10 22 16 18 14 15 10 14 28 22 17 19 13 23 21 28 14 19 22 22
29 18 36 16 32 22 24 36 29 18 25 25 33 15 24 32 35 28 14 35 16 18 18 20 35 32 37 17 32 25 26 33 23 13 32 25 13 37 19 35 37 24 17 25 31 36 14 19 35 18 33 27 35 33 37 24 36 20 23 14 31 27 37 27 30 13 30 26 16 34 27 32 22 13 26 22 23 30 18 27 35 35 18 25 18 28 19 29 36 30 17 15 31 20 26 31 34 27 18 28 17
30 14 19 12 22 19 14 11 15 13 13 16 29 23 28 19 18 30 16 27 29 20 22 20 10 23 12 10 22 12 25 22 23 13 21 17 18 25 14 29 23 27 16 23 17 29 18 18 26 16 25 27 29 19 20 16 14 21 25 28 13 29 21 15 11 20 12 29 14 26 30 27 18 30 11 20 25 21 20 19 23 11 13 13 23 27 29 17 22 24 21 22 26 28 24 27 11 21 30 25 20
31 17 8 15 14 19 18 7 18 18 19 14 9 7 12 16 13 12 16 15 10 9 9 15 16 16 16 9 12 17 17 9 19 12 14 13 15 11 18 18 18 9 8 13 17 13 11 7 18 17 13 17 11 13 13 13 19 12 15 13 7 17 14 18 10 19 13 18 8 11 9 12 15 13 16 18 12 15 7 10 12 11 17 14 11 10 10 10 13 18 14 14 12 8 10 18 15 8 11 19 7
32 16 15 17 16 11 23 23 14 8 18 10 18 24 13 11 24 19 17 24 13 18 17 11 20 8 22 9 12 13 21 9 13 18 12 11 18 17 18 22 17 16 21 13 21 19 21 17 14 23 21 23 13 18 10 21 12 8 21 16 12 14 20 17 24 20 13 23 10 17 10 12 21 21 14 16 22 23 12 16 21 8 20 9 10 8 22 19 9 13 20 21 21 22 16 8 18 10 12 12 21
33 23 28 27 29 20 20 30 22 15 25 22 14 22 11 29 28 14 18 19 10 22 25 20 18 18 23 16 20 24 27 21 20 23 10 14 16 20 19 25 25 26 25 23 11 27 23 18 24 24 18 18 11 29 16 26 22 15 19 26 13 26 20 20 10 27 21 16 22 11 14 15 10 29 20 26 13 12 11 16 19 14 12 11 17 30 29 19 16 17 13 22 22 30 19 12 24 26 24 24 29
34 35 54 45 37 41 32 54 40 49 54 31 26 45 37 35 34 32 33 27 25 22 28 33 57 27 38 54 53 55 53 29 30 41 44 58 36 48 35 28 27 40 30 32 28 37 43 28 33 55 33 46 38 29 48 33 48 57 29 28 56 36 58 57 57 52 22 49 56 24 32 36 34 37 54 36 28 31 26 32 50 52 45 26 53 42 20 43 48 22 35 41 35 49 24 23 41 20 51 36 57
35 29 25 32 39 40 45 43 41 46 46 46 19 48 49 24 37 24 38 43 22 27 30 31 30 30 18 34 27 42 38 43 22 24 29 35 28 31 30 32 39 19 35 23 38 29 27 27 38 44 34 17 48 25 39 25 46 28 21 37 39 31 45 48 28 22 31 31 20 50 39 37 26 26 20 36 20 31 32 31 21 30 44 39 43 19 22 27 30 28 41 50 43 24 19 42 23 33 37 42 35
36 26 54 39 43 46 27 28 36 27 37 39 51 60 53 28 20 54 38 53 57 52 32 44 60 54 31 60 27 37 43 32 43 58 46 46 45 39 40 42 59 47 46 51 45 60 45 34 24 57 23 31 53 40 40 38 27 27 50 58 44 46 22 41 31 51 59 27 29 30 38 26 47 25 25 38 40 31 55 50 44 46 40 54 35 22 26 48 35 53 54 55 36 35 50 23 49 46 27 39 29
37 50 21 40 39 32 55 43 47 36 40 26 57 25 41 43 50 57 46 49 31 44 28 55 38 47 29 28 30 30 25 60 24 54 38 58 47 50 32 44 60 21 58 43 30 56 59 40 28 28 37 49 25 49 22 26 55 48 35 53 44 26 45 23 42 47 26 56 29 45 22 43 27 39 54 52 33 60 53 46 41 54 57 44 34 59 57 25 20 30 55 45 51 24 45 59 53 53 40 40 30
38 14 14 16 13 12 14 19 8 13 9 14 21 20 14 11 13 15 12 11 18 20 13 14 17 14 21 20 9 20 17 18 14 10 12 7 17 9 11 10 17 17 18 16 11 17 12 8 16 10 9 15 19 7 15 12 18 11 11 9 17 10 10 11 11 13 14 15 18 18 15 18 14 8 15 11 16 18 17 12 7 13 15 13 11 13 7 15 20 20 12 12 15 10 12 13 20 16 10 14 13
39 25 25 48 41 24 37 47 26 25 25 28 49 48 20 20 24 36 20 45 29 24 31 26 17 42 46 31 20 37 25 23 49 33 24 51 26 36 18 33 45 39 44 26 27 38 45 35 21 33 39 28 23 41 31 51 43 18 24 18 26 37 22 30 32 51 34 44 31 17 23 44 49 42 47 36 38 22 30 45 44 45 28 34 33 25 18 46 24 22 43 47 30 47 31 30 47 51 32 44 48
40 62 39 25 35 68 39 49 46 51 54 28 68 26 54 33 33 61 42 58 36 43 59 33 49 63 64 67 50 54 60 41 45 31 57 32 36 40 56 36 35 68 28 42 64 55 36 52 64 62 47 53 28 58 45 55 68 49 57 25 61 65 43 44 62 47 65 23 62 38 46 41 34 39 33 29 26 44 58 48 32 25 48 37 30 46 26 48 55 44 68 54 56 54 43 39 57 65 40 50 50;
param maxIb: 1 :=
1 57
2 35
3 39
4 68
5 20
6 30
7 63
8 74
9 57
10 47
11 71
12 44
13 48
14 51
15 26
16 23
17 45
18 54
19 68
20 60
21 65
22 32
23 20
24 24
25 74
26 57
27 65
28 29
29 38
30 30
31 20
32 24
33 30
34 60
35 51
36 60
37 60
38 21
39 51
40 69;
param tempoe=0.000626;
