param nvertices=10; #numero de vertices
param ndemandas=40; #numero de demandas
param capacidadeij: 1 2 3 4 5 6 7 8 9 10 :=
 1 100 100 100 100 100 100 100 100 100 100
2 100 100 100 100 100 100 100 100 100 100
3 100 100 100 100 100 100 100 100 100 100
4 100 100 100 100 100 100 100 100 100 100
5 100 100 100 100 100 100 100 100 100 100
6 100 100 100 100 100 100 100 100 100 100
7 100 100 100 100 100 100 100 100 100 100
8 100 100 100 100 100 100 100 100 100 100
9 100 100 100 100 100 100 100 100 100 100
10 100 100 100 100 100 100 100 100 100 100; #Capacidade de banda de comunicacao de cada arco
param Adj: 1 2 3 4 5 6 7 8 9 10 := 
1 0 0 0 0 0 1 0 0 1 1
2 0 0 1 0 1 0 0 0 0 1
3 0 1 0 1 1 0 0 1 0 0
4 0 0 1 0 0 0 1 1 0 0
5 0 1 1 0 0 0 0 0 0 1
6 1 0 0 0 0 0 0 0 0 1
7 0 0 0 1 0 0 0 1 1 0
8 0 0 1 1 0 0 1 0 0 0
9 1 0 0 0 0 0 1 0 0 1
10 1 1 0 0 1 1 0 0 1 0;  #Matriz de adjacencia da topologia
param I: 1 2 3 :=
1 3.000000 4.000000 14.000000
2 6.000000 8.000000 19.000000
3 4.000000 10.000000 17.000000
4 6.000000 2.000000 13.000000
5 2.000000 8.000000 19.000000
6 4.000000 2.000000 14.000000
7 9.000000 4.000000 14.000000
8 6.000000 5.000000 18.000000
9 5.000000 9.000000 15.000000
10 1.000000 4.000000 10.000000
11 10.000000 8.000000 11.000000
12 3.000000 2.000000 11.000000
13 6.000000 10.000000 18.000000
14 2.000000 4.000000 19.000000
15 10.000000 9.000000 13.000000
16 4.000000 1.000000 19.000000
17 8.000000 4.000000 11.000000
18 6.000000 8.000000 13.000000
19 8.000000 4.000000 12.000000
20 8.000000 1.000000 17.000000
21 6.000000 10.000000 16.000000
22 6.000000 5.000000 15.000000
23 5.000000 8.000000 12.000000
24 10.000000 7.000000 14.000000
25 7.000000 8.000000 18.000000
26 8.000000 7.000000 11.000000
27 1.000000 5.000000 11.000000
28 2.000000 4.000000 10.000000
29 2.000000 1.000000 14.000000
30 9.000000 1.000000 18.000000
31 5.000000 6.000000 18.000000
32 2.000000 10.000000 10.000000
33 5.000000 8.000000 18.000000
34 7.000000 1.000000 11.000000
35 6.000000 3.000000 18.000000
36 6.000000 1.000000 12.000000
37 1.000000 10.000000 11.000000
38 5.000000 7.000000 16.000000
39 1.000000 7.000000 15.000000
40 5.000000 10.000000 17.000000;
param Ib: 1 2 3 4 5 6 7 8 9 10 11 12 13 14 15 16 17 18 19 20 21 22 23 24 25 26 27 28 29 30 31 32 33 34 35 36 37 38 39 40 41 42 43 44 45 46 47 48 49 50 51 52 53 54 55 56 57 58 59 60 61 62 63 64 65 66 67 68 69 70 71 72 73 74 75 76 77 78 79 80 81 82 83 84 85 86 87 88 89 90 91 92 93 94 95 96 97 98 99 100 :=
1 49 34 25 28 21 18 43 40 23 25 25 49 41 18 30 21 36 24 27 30 32 30 23 33 39 32 31 34 27 27 28 24 41 17 28 42 27 28 32 48 30 18 26 17 32 19 19 35 49 18 39 32 42 37 49 40 46 18 37 25 26 38 47 36 47 29 34 24 24 40 25 35 24 36 37 22 42 44 30 29 45 46 45 32 49 40 38 21 36 37 44 43 31 24 49 40 29 21 35 36
2 38 20 16 35 28 44 31 43 38 28 18 23 44 45 45 25 32 27 20 18 24 40 19 44 17 25 46 20 22 24 38 48 47 40 36 33 39 25 40 18 41 44 44 31 34 24 32 32 44 20 32 33 23 34 27 24 43 42 32 20 17 32 17 33 18 37 22 48 18 44 23 21 28 47 20 48 46 18 35 23 42 17 23 43 48 41 41 38 40 45 31 29 24 18 48 28 27 43 19 37
3 24 46 27 17 44 23 41 23 27 18 44 46 38 46 27 45 30 25 23 25 40 39 46 44 36 46 29 30 17 36 23 35 24 34 23 29 35 43 39 30 34 27 39 18 41 21 28 26 42 35 21 45 41 41 37 19 30 35 44 41 22 28 28 34 38 32 17 43 28 33 24 24 33 31 23 27 37 42 18 35 33 19 41 25 40 23 21 18 45 45 45 42 42 45 33 28 39 16 29 46
4 31 38 23 37 26 26 22 47 44 27 50 26 23 49 43 18 26 41 36 23 25 35 50 23 46 39 40 25 48 47 35 51 34 23 28 28 46 31 42 41 51 47 46 52 35 36 21 49 30 30 30 51 28 40 36 42 28 37 50 33 36 21 18 46 33 29 48 33 19 46 37 25 39 48 39 41 44 33 37 18 35 33 27 49 50 51 46 47 26 24 31 32 46 22 48 48 37 18 36 30
5 17 13 15 15 18 10 25 13 9 13 17 11 20 22 20 21 17 24 14 23 12 25 16 24 20 20 20 10 19 18 18 14 9 14 11 19 20 19 13 23 18 19 24 17 16 22 12 10 15 11 21 24 17 12 9 11 23 18 23 12 18 13 23 20 19 20 12 23 13 18 16 20 18 15 14 20 16 20 16 9 14 11 10 22 21 20 25 17 22 22 19 12 17 23 20 18 15 13 20 21
6 23 33 20 34 30 26 44 31 25 40 31 42 38 46 25 44 33 22 38 22 49 52 50 38 19 33 33 31 26 22 45 28 42 30 52 29 25 41 41 40 51 40 21 45 50 24 48 55 34 55 51 33 48 27 52 30 21 40 48 47 23 48 24 54 23 53 38 48 49 41 32 38 47 33 26 48 31 40 20 33 43 35 38 29 19 49 31 32 45 37 26 25 39 34 25 22 19 25 34 43
7 26 26 35 49 40 70 66 56 51 64 43 60 41 25 54 71 25 58 35 39 53 58 43 46 27 70 53 42 56 33 57 66 51 46 31 50 43 44 31 64 46 57 57 34 41 68 48 58 40 60 70 25 58 43 63 59 55 28 27 47 37 35 70 68 43 55 63 60 59 52 40 69 56 37 62 41 27 51 53 70 54 57 41 26 40 39 49 67 36 64 71 60 64 66 51 46 48 34 24 32
8 36 28 16 19 32 35 25 19 30 24 13 17 37 16 31 38 30 29 39 15 17 17 15 31 21 30 26 15 18 25 15 17 17 23 28 36 22 30 17 30 31 37 33 16 25 31 30 19 21 15 32 19 20 17 17 27 22 27 30 23 30 26 20 34 26 23 37 32 16 35 15 30 15 32 17 35 30 24 20 26 34 36 34 24 21 35 37 19 37 25 30 34 32 21 15 21 32 35 34 33
9 7 13 13 15 16 14 9 7 16 6 7 16 11 16 7 14 11 13 13 6 13 9 6 16 7 12 8 15 11 16 6 9 12 12 6 13 15 9 14 14 12 11 10 7 10 15 16 12 8 13 10 9 9 10 16 14 6 12 8 14 8 16 8 6 9 10 16 7 12 11 6 9 16 8 8 7 16 13 15 9 13 13 10 8 16 12 16 12 14 14 8 7 12 16 11 16 9 15 10 13
10 19 15 20 25 17 22 11 13 20 21 11 24 14 18 13 24 10 21 26 19 25 20 11 17 23 20 17 21 23 12 24 14 17 11 17 24 9 16 11 9 26 21 25 14 22 24 23 23 25 21 23 11 14 16 22 11 25 9 25 27 19 15 25 25 26 22 11 26 23 27 13 22 9 17 19 16 19 14 16 14 12 17 23 16 26 12 17 23 25 24 23 25 17 17 14 15 14 13 15 15
11 27 10 10 11 28 24 14 24 20 14 25 28 24 19 12 24 19 17 11 22 17 14 21 24 23 22 17 28 13 16 28 27 17 21 24 11 12 10 24 16 13 18 26 13 18 26 17 25 26 14 18 12 11 18 11 16 24 19 26 27 18 27 12 24 13 22 15 16 28 23 17 28 28 25 10 24 23 10 22 22 20 16 28 27 22 27 27 15 22 27 12 19 27 19 14 20 10 22 14 20
12 13 15 12 19 14 22 25 26 21 18 16 21 17 17 12 26 26 15 20 27 22 10 14 24 24 16 18 19 20 11 23 21 20 15 22 14 21 26 24 26 26 19 11 21 13 25 12 11 26 26 16 23 21 23 18 23 10 17 18 13 11 13 10 24 16 23 24 18 20 11 15 15 17 23 15 21 18 24 18 27 22 12 23 14 19 12 20 14 10 15 14 13 19 25 9 23 10 13 9 22
13 24 18 24 19 22 20 19 20 27 39 32 19 36 35 31 23 42 39 39 40 51 44 24 22 35 50 38 30 42 43 26 40 46 44 22 48 23 29 34 51 25 27 31 35 33 38 32 36 43 30 19 41 45 45 30 19 37 51 31 27 30 43 38 21 41 51 36 43 28 50 27 39 35 35 51 45 48 35 46 39 22 28 23 39 46 52 44 34 21 43 18 31 51 29 27 38 35 23 25 31
14 11 13 11 9 8 20 9 12 18 12 17 9 13 8 11 19 14 18 9 15 11 9 19 17 10 13 20 13 12 12 15 14 9 18 19 20 20 11 16 8 16 12 18 14 11 20 17 20 10 9 17 10 18 9 12 15 17 20 17 17 17 8 15 14 17 15 21 20 18 21 20 20 8 8 19 14 8 15 16 15 15 8 21 10 18 11 14 21 12 16 18 12 9 10 12 12 12 13 21 11
15 12 6 7 18 6 18 7 13 13 8 16 16 6 12 15 16 16 17 7 14 14 12 18 9 12 7 7 12 18 17 7 12 17 15 13 12 7 6 7 9 11 8 6 7 11 12 10 17 10 11 6 10 13 9 6 14 10 14 14 7 12 17 11 11 18 10 14 17 13 9 17 8 11 15 11 7 11 15 8 7 18 8 15 16 18 16 11 16 6 7 7 14 10 10 15 12 17 12 15 14
16 53 58 33 30 46 21 56 39 54 39 34 34 42 58 44 20 22 46 42 27 41 58 58 48 45 27 53 26 27 52 57 52 44 56 52 23 40 33 46 56 56 45 45 28 23 27 51 28 57 21 36 46 28 25 40 35 35 57 27 41 45 29 50 56 57 27 31 29 44 42 49 36 26 40 34 35 52 25 33 56 35 36 55 25 45 48 29 55 44 22 57 22 36 30 57 40 27 46 22 52
17 31 25 38 14 15 39 36 30 38 24 30 38 30 15 40 23 24 18 40 18 33 20 41 35 32 36 25 30 25 18 33 23 21 16 38 27 27 39 38 35 31 36 27 18 16 37 29 26 23 14 17 36 25 23 32 39 25 31 28 26 21 24 41 21 24 34 18 31 16 29 32 42 37 30 20 38 32 29 26 15 40 30 16 24 40 29 40 17 14 26 19 15 40 15 41 33 33 23 41 14
18 33 30 30 14 36 19 42 32 16 26 32 25 31 33 21 26 19 23 15 20 18 14 33 32 34 20 37 31 30 23 25 28 17 16 15 30 21 23 35 22 24 16 40 26 27 24 29 27 15 32 20 41 40 36 31 21 17 28 38 30 28 31 34 40 31 26 39 30 20 35 29 33 29 30 25 39 34 41 15 17 23 30 16 37 16 25 20 21 35 37 23 24 35 35 22 34 36 40 24 18
19 22 26 39 29 32 19 24 44 18 25 39 27 38 28 41 21 16 25 23 29 23 37 36 30 43 26 32 34 35 25 39 28 31 22 25 32 40 25 33 36 28 23 23 40 36 34 17 17 29 36 28 32 26 25 19 29 34 37 30 38 34 29 29 37 28 20 40 30 19 25 42 24 24 33 16 22 22 33 32 18 17 41 44 26 44 29 42 15 18 37 23 43 35 32 30 16 40 33 21 33
20 24 45 32 50 50 59 67 46 54 30 37 26 27 56 38 24 35 46 59 59 23 25 50 30 55 64 67 27 27 59 40 52 30 56 26 67 52 46 49 44 47 48 63 54 38 60 57 58 60 40 66 56 51 40 36 68 48 64 57 29 68 68 42 67 65 25 46 63 36 50 42 27 40 43 40 68 52 42 61 64 65 44 24 32 45 55 34 24 34 29 58 37 45 64 44 47 59 46 52 42
21 45 34 30 43 33 25 47 25 44 34 38 40 28 25 49 44 42 17 30 30 20 25 41 41 45 45 37 27 44 41 18 29 23 24 31 22 42 30 22 21 50 33 23 43 49 27 46 41 45 33 45 34 35 22 20 27 33 39 44 40 20 44 45 20 50 17 25 45 36 49 28 36 20 42 31 21 34 49 19 48 25 34 23 19 43 34 31 19 34 33 31 40 43 28 44 22 46 45 48 34
22 26 27 35 59 33 40 44 52 39 59 26 33 41 48 23 29 58 36 49 47 35 52 31 47 59 41 52 47 32 29 28 34 28 46 48 61 50 21 57 27 33 23 39 38 45 49 63 36 47 46 49 26 53 63 41 58 32 22 35 56 38 49 56 22 35 25 44 52 55 39 34 30 46 56 51 58 34 27 33 31 28 45 29 43 34 37 26 28 46 55 61 30 36 29 49 39 22 54 30 42
23 10 13 8 20 13 13 10 16 13 19 16 11 12 18 16 12 20 17 11 16 7 16 17 13 12 11 18 7 10 17 19 20 13 14 7 13 9 12 12 15 14 17 16 18 19 10 15 19 15 12 20 16 11 13 14 9 10 7 12 8 14 12 8 8 13 15 11 18 9 20 8 16 8 15 8 14 10 17 17 8 14 17 10 14 21 15 9 11 7 14 20 18 10 15 14 14 17 18 21 9
24 11 23 12 21 13 11 11 11 24 15 9 24 19 19 22 10 14 18 17 16 19 17 24 19 10 11 8 22 21 8 18 21 15 14 14 9 21 20 13 22 12 11 23 22 10 9 23 23 23 23 23 21 19 14 23 17 24 24 22 16 9 17 14 13 10 16 22 22 14 23 11 16 9 17 23 9 11 24 11 10 19 21 16 14 8 22 17 21 20 16 18 12 18 10 11 17 24 13 19 17
25 57 30 50 27 31 50 55 24 58 60 37 26 37 33 28 25 47 59 52 50 39 65 31 27 62 52 52 50 60 23 63 55 29 43 52 51 58 22 35 64 25 45 23 53 46 63 52 35 24 61 43 32 48 58 38 56 35 40 26 37 41 46 56 22 23 46 54 34 46 50 32 40 64 66 55 28 44 30 27 23 38 25 37 61 51 54 25 35 57 52 29 48 61 31 39 62 27 56 43 51
26 18 17 8 8 16 18 7 19 8 11 18 12 18 17 19 21 8 14 20 10 11 9 14 15 12 14 16 18 17 8 19 17 16 15 18 20 13 15 12 13 14 15 20 11 12 11 16 12 16 15 17 16 18 20 9 10 7 7 9 17 19 19 20 11 15 17 13 19 8 11 14 18 18 13 18 20 15 20 10 12 15 7 17 9 7 11 21 14 13 11 12 10 16 18 16 14 12 8 20 19
27 13 24 13 15 16 15 20 23 24 15 16 23 13 26 12 17 25 15 25 25 12 26 28 20 19 14 28 16 26 19 24 22 19 16 17 11 20 16 15 16 17 14 28 16 12 10 10 27 17 26 14 12 11 11 17 24 13 12 11 14 21 15 15 20 24 19 20 18 20 18 18 19 13 17 16 18 11 22 18 11 15 27 28 22 13 13 11 12 14 19 19 12 19 26 18 26 28 11 28 18
28 27 21 60 32 44 24 41 49 54 38 47 40 29 54 46 32 41 24 31 42 29 34 52 60 52 43 48 45 60 47 43 22 41 57 24 48 45 45 45 61 36 24 46 22 44 30 55 61 50 40 47 60 52 43 48 29 48 35 23 33 33 36 32 61 43 24 43 30 61 46 28 33 26 46 47 37 41 31 54 23 60 50 41 43 61 36 35 45 27 42 30 61 41 42 22 51 33 31 32 41
29 14 19 22 12 25 10 20 21 25 21 23 18 15 23 19 12 22 11 12 23 13 21 14 18 16 17 15 22 25 14 9 20 10 23 17 19 24 21 13 22 13 9 14 19 9 21 19 24 16 12 20 24 16 18 19 25 25 21 13 17 20 17 21 23 24 15 18 25 17 14 15 12 22 11 10 22 12 24 21 12 19 17 11 21 20 25 25 19 9 11 22 14 18 17 17 24 24 21 10 17
30 10 6 13 6 15 15 13 10 6 13 8 16 15 15 14 16 16 8 6 14 14 8 10 14 6 9 8 16 9 6 14 13 7 11 12 9 7 7 13 11 6 10 6 16 7 14 14 12 15 7 15 13 15 7 6 11 15 12 10 9 16 8 12 12 6 9 9 16 14 10 8 14 8 11 16 15 16 9 6 6 8 15 6 12 11 6 15 9 6 6 6 15 15 9 9 9 11 10 6 8
31 47 50 41 33 37 48 36 33 48 41 44 47 55 35 47 53 37 40 23 30 56 35 53 33 50 33 40 51 32 48 36 29 24 30 38 20 54 47 47 44 31 38 59 44 25 27 40 48 28 20 57 47 58 33 53 54 29 29 24 24 48 45 37 49 57 36 59 55 50 33 34 39 60 26 43 46 45 31 39 26 58 40 28 33 56 36 44 50 58 34 31 42 30 23 58 43 29 23 46 51
32 29 29 28 16 34 37 38 19 35 35 22 35 31 30 20 36 34 19 35 15 15 29 40 19 31 31 16 14 36 36 33 21 28 18 14 24 18 37 17 35 24 27 38 36 40 21 16 23 39 18 15 21 17 17 25 22 40 36 39 29 22 33 19 36 17 23 16 16 28 39 25 16 31 40 18 15 34 22 38 22 40 35 21 27 28 25 24 24 36 21 38 27 14 20 38 26 21 17 29 18
33 29 38 24 29 44 21 40 49 34 30 46 46 22 32 34 21 48 26 20 26 40 37 30 21 40 35 19 38 35 25 21 39 27 33 40 46 43 41 19 28 46 23 27 38 54 33 26 42 19 48 49 32 28 27 39 28 54 30 18 31 33 46 37 48 53 35 27 22 20 25 30 28 18 25 45 52 36 47 52 43 50 44 38 31 44 40 44 52 45 45 29 21 42 43 34 39 24 25 26 43
34 27 33 35 31 24 27 24 22 30 15 14 26 37 36 23 15 15 22 31 40 18 21 21 29 21 15 40 30 35 27 27 19 34 26 37 31 19 37 23 36 16 34 28 29 33 25 17 15 27 25 30 20 19 19 30 21 37 23 29 33 23 27 16 38 36 14 30 26 36 25 33 30 14 14 40 16 38 22 31 30 25 26 18 19 17 33 40 18 26 32 22 23 35 32 25 15 26 22 19 19
35 21 15 31 12 23 33 11 26 11 12 17 33 31 31 24 21 25 12 26 17 14 32 24 18 29 18 19 22 28 32 16 25 30 24 31 26 20 20 15 30 23 32 23 22 30 23 22 25 26 17 29 23 20 25 25 31 12 28 12 12 20 30 23 12 16 26 11 27 32 17 17 23 26 22 31 21 14 13 28 32 12 30 29 13 15 11 13 14 26 16 29 20 24 22 28 22 26 25 32 32
36 36 43 68 27 66 50 42 26 45 36 49 60 58 29 53 64 55 24 58 68 46 43 58 49 49 36 61 56 56 48 67 51 24 37 69 44 55 54 52 43 26 50 28 25 34 42 55 64 54 38 61 45 30 38 52 39 50 63 62 39 51 25 59 65 50 45 53 25 61 46 59 67 29 30 51 65 37 27 63 31 44 36 46 26 35 43 62 50 32 30 31 45 32 56 47 39 38 27 44 66
37 34 29 30 33 30 16 12 25 22 25 20 20 13 25 32 26 18 31 34 18 34 31 23 24 26 32 12 28 29 14 25 30 29 13 19 22 29 25 16 33 29 32 16 31 14 13 23 19 31 28 14 28 25 24 19 18 31 14 25 33 21 16 20 19 31 17 23 16 12 24 12 34 24 20 20 34 33 18 18 15 13 19 25 32 18 24 12 28 32 31 25 16 15 23 31 12 27 24 14 14
38 45 42 19 36 51 49 48 29 42 43 40 29 46 18 38 42 25 30 25 33 26 33 20 28 39 41 47 37 49 43 22 40 22 35 50 26 22 25 28 41 39 43 33 31 24 48 27 21 50 50 20 23 18 33 31 41 26 48 20 18 34 35 40 31 39 38 20 40 35 17 43 36 45 34 38 21 31 25 35 23 21 44 20 35 31 25 42 17 38 44 40 33 35 34 26 19 24 45 37 45
39 31 13 19 24 21 24 26 17 20 27 30 26 25 12 13 19 24 24 22 30 22 24 22 18 25 27 29 19 21 15 27 22 15 24 25 26 11 21 17 19 28 17 21 19 30 15 20 29 28 18 17 21 28 28 12 24 28 15 25 21 21 24 11 31 25 29 30 23 28 21 29 30 19 15 12 16 23 20 20 17 20 16 20 27 16 14 15 27 28 30 23 29 20 18 23 22 24 14 15 27
40 19 34 42 20 42 41 21 27 23 31 25 28 19 36 41 31 40 40 41 20 29 38 21 17 37 32 31 33 29 20 38 23 23 40 35 37 25 33 17 43 37 35 31 36 18 18 27 37 23 38 21 34 32 20 18 22 42 33 25 23 28 31 20 45 20 17 36 34 22 30 44 37 30 20 21 42 20 34 16 29 40 34 26 28 19 19 43 17 41 28 27 30 17 36 29 16 33 23 30 21;
param maxIb: 1 :=
1 4.950000e+01
2 48
3 4.650000e+01
4 5.250000e+01
5 2.550000e+01
6 5.550000e+01
7 72
8 39
9 1.650000e+01
10 27
11 2.850000e+01
12 27
13 5.250000e+01
14 21
15 18
16 5.850000e+01
17 42
18 42
19 45
20 69
21 51
22 63
23 21
24 24
25 66
26 21
27 2.850000e+01
28 6.150000e+01
29 2.550000e+01
30 1.650000e+01
31 60
32 4.050000e+01
33 54
34 4.050000e+01
35 33
36 7.050000e+01
37 3.450000e+01
38 51
39 3.150000e+01
40 45;
param tempoe=0.000648;
