param nvertices=10; #numero de vertices
param ndemandas=40; #numero de demandas
param capacidadeij: 1 2 3 4 5 6 7 8 9 10 :=
 1 100 100 100 100 100 100 100 100 100 100
2 100 100 100 100 100 100 100 100 100 100
3 100 100 100 100 100 100 100 100 100 100
4 100 100 100 100 100 100 100 100 100 100
5 100 100 100 100 100 100 100 100 100 100
6 100 100 100 100 100 100 100 100 100 100
7 100 100 100 100 100 100 100 100 100 100
8 100 100 100 100 100 100 100 100 100 100
9 100 100 100 100 100 100 100 100 100 100
10 100 100 100 100 100 100 100 100 100 100; #Capacidade de banda de comunicacao de cada arco
param Adj: 1 2 3 4 5 6 7 8 9 10 := 
1 0 0 0 0 0 1 0 0 1 1
2 0 0 1 0 1 0 0 0 0 1
3 0 1 0 1 1 0 0 1 0 0
4 0 0 1 0 0 0 1 1 0 0
5 0 1 1 0 0 0 0 0 0 1
6 1 0 0 0 0 0 0 0 0 1
7 0 0 0 1 0 0 0 1 1 0
8 0 0 1 1 0 0 1 0 0 0
9 1 0 0 0 0 0 1 0 0 1
10 1 1 0 0 1 1 0 0 1 0;  #Matriz de adjacencia da topologia
param I: 1 2 3 :=
1 7.000000 10.000000 14.000000
2 10.000000 1.000000 18.000000
3 5.000000 4.000000 10.000000
4 2.000000 5.000000 13.000000
5 10.000000 8.000000 16.000000
6 7.000000 3.000000 14.000000
7 3.000000 9.000000 10.000000
8 6.000000 2.000000 17.000000
9 9.000000 1.000000 19.000000
10 3.000000 4.000000 19.000000
11 7.000000 4.000000 18.000000
12 10.000000 7.000000 12.000000
13 3.000000 6.000000 16.000000
14 10.000000 3.000000 14.000000
15 3.000000 1.000000 16.000000
16 2.000000 10.000000 14.000000
17 1.000000 10.000000 12.000000
18 4.000000 10.000000 16.000000
19 3.000000 6.000000 14.000000
20 9.000000 8.000000 11.000000
21 10.000000 2.000000 15.000000
22 2.000000 5.000000 17.000000
23 2.000000 7.000000 16.000000
24 1.000000 6.000000 13.000000
25 1.000000 7.000000 18.000000
26 4.000000 10.000000 10.000000
27 1.000000 2.000000 14.000000
28 5.000000 1.000000 17.000000
29 4.000000 7.000000 16.000000
30 2.000000 3.000000 14.000000
31 8.000000 6.000000 15.000000
32 8.000000 10.000000 14.000000
33 8.000000 1.000000 19.000000
34 1.000000 6.000000 11.000000
35 6.000000 10.000000 13.000000
36 1.000000 2.000000 18.000000
37 2.000000 9.000000 18.000000
38 8.000000 3.000000 13.000000
39 3.000000 10.000000 16.000000
40 7.000000 10.000000 13.000000;
param Ib: 1 2 3 4 5 6 7 8 9 10 11 12 13 14 15 16 17 18 19 20 21 22 23 24 25 26 27 28 29 30 31 32 33 34 35 36 37 38 39 40 41 42 43 44 45 46 47 48 49 50 51 52 53 54 55 56 57 58 59 60 61 62 63 64 65 66 67 68 69 70 71 72 73 74 75 76 77 78 79 80 81 82 83 84 85 86 87 88 89 90 91 92 93 94 95 96 97 98 99 100 :=
1 29 32 21 22 31 20 20 20 27 22 20 18 27 20 19 18 18 25 25 22 27 28 32 20 18 32 27 27 26 31 22 28 18 21 25 22 22 25 24 28 23 19 28 18 28 30 20 28 30 27 26 29 25 23 31 21 19 19 20 30 19 31 27 29 20 32 24 26 19 20 19 28 25 28 30 20 19 31 27 19 22 30 30 26 19 28 20 31 26 22 32 21 28 21 18 28 31 31 23 25
2 34 24 19 28 21 28 22 32 33 26 29 21 19 33 32 33 34 24 24 22 19 23 33 27 20 23 26 32 29 31 24 24 19 33 28 22 27 19 31 20 19 23 20 31 27 29 24 32 27 19 33 26 23 32 24 29 31 21 24 20 25 21 20 25 29 26 20 26 29 33 34 20 18 20 31 33 30 27 27 29 29 25 32 21 27 25 32 28 22 27 19 18 24 26 32 28 20 30 24 18
3 32 27 22 31 27 32 24 23 29 32 32 19 27 22 28 27 24 28 26 21 22 21 26 25 29 19 21 31 23 24 26 22 30 24 27 21 25 24 22 28 32 31 18 20 27 29 28 28 24 31 32 22 25 25 25 24 30 30 24 28 31 26 24 25 25 24 20 27 22 27 28 20 26 19 30 18 26 25 19 22 29 31 29 29 24 27 21 22 20 32 24 28 20 18 25 22 20 19 32 22
4 21 32 24 31 23 31 22 25 25 24 39 30 34 37 31 23 34 38 32 22 27 32 26 31 24 35 21 30 26 28 21 32 29 35 28 30 23 30 37 25 31 28 29 35 31 30 34 27 23 22 26 24 35 26 21 33 32 22 35 23 32 39 24 30 37 29 28 30 37 35 21 24 24 35 30 22 37 31 26 36 32 31 26 38 37 23 27 35 34 24 32 29 34 29 22 22 32 35 32 29
5 37 37 37 26 28 36 33 37 22 33 36 37 21 29 36 37 25 22 34 21 21 23 30 25 36 32 28 31 29 33 30 31 23 27 32 29 35 34 37 33 38 29 30 24 33 24 24 25 34 23 29 24 28 29 30 22 36 23 23 33 26 37 25 37 23 34 21 37 27 26 32 34 30 35 22 26 31 26 29 30 23 20 37 33 33 29 25 27 23 35 35 36 34 23 30 32 25 32 32 24
6 22 22 25 18 20 17 26 22 19 23 19 19 16 27 17 20 19 18 26 18 25 22 19 20 18 18 27 25 21 22 20 25 16 21 25 17 21 15 18 19 20 15 23 25 17 21 15 24 24 17 22 25 20 24 20 23 25 16 24 16 15 21 16 23 23 25 25 26 24 25 23 20 23 20 25 24 25 22 27 23 26 19 26 22 27 26 20 23 24 25 21 15 21 21 27 24 26 15 16 22
7 25 34 33 33 35 34 29 23 32 25 33 36 29 25 31 20 24 28 29 22 22 21 29 30 34 28 24 34 23 20 29 33 30 32 31 22 32 30 30 26 35 29 25 36 24 36 32 32 29 28 21 32 22 25 26 23 25 22 26 23 27 22 35 36 36 26 26 30 26 35 20 26 24 35 25 35 20 30 20 32 30 21 24 23 29 21 20 28 33 22 31 26 30 20 31 24 21 22 25 30
8 14 16 18 17 18 20 14 16 12 19 14 19 21 16 12 22 21 18 14 20 16 12 19 19 19 15 18 19 19 18 18 13 14 13 15 12 19 15 13 22 20 15 21 19 22 21 12 15 17 22 20 17 18 13 16 17 16 14 20 19 22 13 16 16 18 17 15 18 21 14 20 21 19 16 13 15 22 15 13 13 14 16 17 17 21 21 15 16 19 18 17 18 16 18 13 21 17 16 21 18
9 22 27 21 24 25 23 23 20 16 24 26 21 22 20 18 17 19 25 26 23 22 21 28 16 18 22 24 19 22 20 28 15 29 17 28 28 23 18 19 28 25 20 17 26 24 19 21 25 22 18 24 19 18 20 27 21 22 18 25 27 25 21 24 25 23 16 18 18 18 22 21 17 16 16 25 24 22 23 25 21 19 19 20 18 18 19 22 24 21 17 23 17 29 20 16 28 17 24 27 23
10 26 29 41 26 41 38 41 34 42 42 34 25 32 32 41 37 41 29 30 42 44 24 36 28 31 43 30 28 43 34 37 35 38 37 30 30 37 25 29 32 43 37 38 35 37 44 40 35 43 44 26 32 31 30 33 30 30 40 44 35 40 31 42 29 35 40 26 28 28 43 41 37 26 38 40 24 38 42 34 31 33 41 33 39 44 25 41 26 43 36 27 42 33 35 28 29 41 44 35 41
11 33 27 23 22 21 23 27 21 32 33 33 30 21 24 23 33 30 25 24 29 33 34 22 33 33 28 30 27 23 20 20 29 30 31 26 30 20 28 23 30 26 34 26 22 32 30 31 32 27 26 22 29 29 27 24 29 31 27 21 21 20 30 34 28 24 19 28 27 35 25 33 28 29 26 27 28 22 27 27 28 21 32 21 27 22 28 23 23 25 31 33 20 27 31 34 29 22 26 22 22
12 35 46 57 38 47 52 54 47 47 57 43 58 42 49 50 39 43 35 47 43 46 37 48 39 51 53 52 45 48 40 37 61 36 61 46 59 40 38 48 38 53 44 53 43 46 44 44 57 36 37 54 40 47 42 52 35 37 56 55 43 48 39 53 49 58 38 40 48 54 33 59 51 43 40 44 42 44 33 58 55 38 41 55 50 39 48 40 35 57 40 53 47 56 41 46 37 46 58 41 48
13 21 23 18 22 18 20 16 16 13 17 17 17 21 23 15 16 22 22 18 13 22 22 22 19 23 18 13 22 21 15 13 13 18 18 16 15 13 13 15 18 14 20 22 20 23 23 14 21 20 13 17 20 23 17 17 21 14 17 14 16 23 14 23 20 13 21 14 19 19 13 21 14 23 13 22 22 18 17 13 13 13 14 20 21 23 13 19 14 20 23 14 13 15 19 19 16 19 23 21 21
14 24 35 29 22 36 25 25 28 24 35 35 28 30 22 37 24 23 34 23 27 23 35 39 24 38 31 34 33 38 22 28 24 30 29 35 23 38 22 38 31 32 32 31 33 39 35 31 29 38 21 31 35 31 25 29 22 33 34 25 34 24 27 35 32 23 29 29 26 26 33 29 23 31 28 38 28 39 34 32 26 32 37 26 36 30 27 35 22 30 21 35 22 34 33 34 22 23 30 31 33
15 37 50 46 29 48 50 36 33 52 29 30 47 45 47 28 44 43 37 33 30 40 36 38 31 45 30 43 49 43 35 42 35 28 52 45 44 40 40 30 32 29 44 34 33 31 31 50 30 43 38 38 47 33 43 40 42 46 31 28 35 52 34 41 34 50 37 50 31 35 51 49 35 42 52 47 36 47 32 29 41 51 30 47 47 38 51 41 37 31 42 30 40 41 33 30 32 31 42 52 32
16 9 14 14 14 9 9 13 11 11 11 11 12 10 8 14 9 10 11 10 10 10 8 11 11 11 13 8 9 8 8 8 9 9 9 12 12 8 9 13 13 8 14 10 11 12 11 12 11 14 10 11 10 12 9 10 14 10 11 13 14 10 9 8 10 12 8 8 12 9 8 11 9 12 10 13 8 14 10 13 9 12 9 10 9 11 11 14 10 14 12 11 10 13 10 10 10 10 10 12 8
17 17 16 13 17 14 13 14 14 16 12 14 11 18 15 14 13 16 15 15 18 18 10 14 14 12 13 11 14 14 12 11 11 15 11 13 14 17 14 15 15 17 16 15 14 15 14 17 13 14 12 17 15 14 18 17 11 17 13 17 10 11 14 16 18 11 15 12 14 17 13 14 10 16 18 10 10 17 12 17 13 10 13 13 18 17 11 11 15 11 16 13 12 12 13 11 13 12 14 11 18
18 40 33 28 40 33 36 30 34 33 29 22 32 30 41 24 34 28 32 38 27 29 34 27 41 32 25 26 38 38 37 39 28 28 24 26 35 37 39 26 24 23 29 30 29 37 36 24 30 40 29 29 32 32 27 25 29 36 25 41 28 32 36 37 26 41 30 38 37 25 30 27 34 26 28 31 39 32 36 27 40 36 32 27 40 39 23 36 35 23 39 26 39 32 34 41 37 29 28 26 26
19 10 8 9 11 8 13 12 10 11 8 8 12 8 7 11 12 10 9 7 8 12 9 12 12 10 12 10 7 10 12 11 13 12 8 13 12 10 12 11 9 13 11 12 10 8 7 7 12 8 11 8 11 9 11 10 9 9 11 7 12 9 12 10 8 8 9 13 9 10 12 10 13 8 8 10 9 10 9 9 7 12 7 10 12 8 7 7 11 13 8 9 9 11 8 8 10 11 11 9 13
20 34 22 30 34 33 29 22 35 25 32 34 30 30 33 30 24 23 33 30 28 20 30 21 28 21 35 36 24 24 26 33 29 26 36 25 29 28 30 30 35 23 26 35 30 33 23 28 26 26 36 22 23 28 25 30 26 24 27 24 31 25 26 20 23 25 29 36 28 36 34 28 28 27 31 25 26 31 29 36 21 32 21 35 34 22 20 22 28 33 26 33 31 31 28 21 35 35 20 34 21
21 17 13 21 20 21 12 14 17 17 16 21 19 13 20 15 19 16 14 13 15 20 22 17 12 22 19 22 14 13 17 17 21 16 18 16 21 13 17 16 20 22 20 16 18 20 18 14 12 12 13 20 16 14 20 15 16 15 21 20 18 13 14 15 17 18 14 19 19 12 14 12 14 21 15 21 19 22 19 13 20 17 18 20 19 19 13 19 18 21 15 14 13 18 14 21 13 17 16 21 16
22 40 36 35 36 31 36 45 25 40 26 27 41 28 40 39 46 36 38 41 27 35 45 31 46 31 34 45 39 47 32 39 31 31 26 31 39 41 28 37 45 35 43 43 38 38 33 31 34 33 28 40 40 34 46 27 34 28 46 43 38 38 36 30 38 40 34 30 37 26 39 41 37 35 32 27 29 37 41 43 36 45 31 45 43 29 38 39 35 34 39 42 46 46 38 45 32 38 33 27 28
23 30 23 27 19 28 31 22 33 30 33 32 32 19 33 34 20 30 24 33 20 21 34 34 25 31 27 24 22 31 28 22 21 25 26 24 26 32 34 22 21 34 31 31 31 24 28 28 22 26 29 32 20 32 33 34 33 26 26 29 28 33 30 30 33 24 32 28 33 26 26 31 33 24 20 24 30 32 30 25 23 32 31 35 27 33 26 28 24 31 27 34 30 22 26 33 34 22 33 27 31
24 17 23 18 18 23 22 20 16 17 19 19 17 21 22 17 17 14 21 13 13 18 25 22 19 18 22 24 15 13 17 19 16 23 15 21 20 20 19 18 22 14 19 19 24 20 23 23 23 21 20 15 18 22 17 21 16 17 20 23 23 24 19 20 17 21 18 22 21 22 20 21 20 16 17 20 15 22 25 20 17 22 17 22 18 24 22 19 15 14 21 24 17 21 21 24 22 18 20 22 24
25 30 40 41 49 31 50 34 30 37 46 51 50 39 34 30 31 29 50 30 30 39 41 38 42 41 49 46 39 45 33 45 30 28 50 35 42 41 49 49 49 44 46 41 46 46 35 36 47 34 49 46 28 33 39 32 28 44 39 34 29 38 43 49 35 32 36 30 47 41 42 38 49 50 50 42 32 35 39 45 50 29 34 31 31 28 41 28 27 30 28 30 40 41 30 46 36 38 45 50 49
26 19 31 18 31 18 29 31 22 25 24 30 28 31 28 19 27 18 28 26 20 25 26 19 24 23 23 22 22 30 30 26 23 27 24 24 30 19 29 28 21 21 32 21 20 22 25 26 28 22 25 23 30 23 23 28 18 18 30 23 18 26 22 28 32 20 22 24 28 21 24 21 32 26 31 25 21 23 32 25 20 18 25 19 25 30 31 25 25 23 27 23 24 21 24 18 30 24 20 26 29
27 21 27 19 28 17 30 24 22 22 27 24 29 24 23 17 30 23 18 20 24 29 26 25 29 25 21 24 23 31 31 31 23 23 23 19 20 21 21 26 27 23 20 25 20 17 23 31 20 23 18 27 24 25 23 20 27 22 28 25 29 23 29 17 20 21 27 29 29 28 30 30 17 24 18 26 31 30 25 31 20 19 21 26 21 23 26 28 23 30 21 27 24 30 26 21 19 28 17 21 30
28 12 11 10 14 13 11 14 9 12 11 8 11 13 10 8 12 13 10 12 13 11 10 8 14 9 11 13 9 13 8 8 8 12 13 9 9 14 13 11 11 14 9 8 14 9 14 13 9 9 8 9 8 11 13 13 13 8 8 13 12 12 11 13 12 8 13 8 11 10 12 9 9 14 11 11 13 12 14 8 12 10 9 9 11 8 14 10 14 9 13 9 11 13 13 13 9 9 8 13 8
29 18 21 20 24 26 23 21 25 20 19 23 21 24 24 17 23 16 18 19 16 19 27 23 26 22 19 18 25 15 15 23 24 27 17 17 24 18 19 26 15 19 19 19 22 21 20 20 26 22 26 15 27 18 16 20 22 22 16 19 25 19 24 17 22 16 20 16 26 26 23 17 22 19 23 21 26 23 22 22 25 24 24 15 26 27 19 19 15 27 15 21 18 19 17 19 17 19 17 15 22
30 34 36 25 30 37 24 30 23 39 28 33 24 27 21 38 28 30 21 34 21 35 31 27 34 31 34 38 24 34 25 31 21 31 21 32 23 21 31 38 34 25 30 39 39 26 29 25 33 38 24 21 27 23 39 35 37 37 34 24 35 32 31 28 25 21 26 28 21 26 25 24 25 29 28 38 37 39 31 29 33 37 29 24 23 26 32 28 35 22 33 30 23 27 27 24 27 31 35 26 32
31 15 21 16 16 12 18 13 17 19 14 16 15 15 13 13 17 18 14 15 18 15 15 11 13 13 11 12 19 12 16 14 18 21 15 14 20 19 17 15 12 15 11 12 16 21 17 17 20 12 12 18 16 12 17 14 17 18 17 15 18 19 17 13 18 12 16 19 14 14 11 14 21 20 16 15 20 13 15 19 15 13 11 18 14 18 12 12 16 13 20 14 18 17 13 14 20 21 12 19 20
32 19 28 28 28 17 27 16 25 24 20 20 22 26 18 16 28 25 21 25 20 28 18 17 25 22 24 21 27 28 22 26 17 28 17 23 17 27 26 22 19 16 20 23 16 18 25 23 27 28 26 24 21 20 27 20 16 18 19 27 25 23 25 23 20 23 22 22 18 25 26 25 22 28 25 18 23 22 19 21 25 18 17 20 16 19 18 23 19 17 24 23 17 16 15 27 24 16 24 26 22
33 16 14 18 20 21 22 20 20 21 15 23 21 22 13 22 14 21 18 16 18 17 17 22 16 21 22 15 19 13 19 23 13 13 20 18 14 21 13 15 14 20 20 19 17 16 22 13 15 18 18 15 21 21 17 14 14 17 19 23 16 21 21 16 23 19 22 20 21 15 21 18 21 22 20 20 22 18 19 22 15 17 16 20 23 14 18 19 14 18 20 14 16 19 20 23 19 13 18 17 13
34 14 20 16 19 22 20 17 18 17 16 16 19 23 22 19 16 17 15 17 24 16 21 24 19 19 18 14 20 15 15 20 13 16 18 13 20 14 18 23 21 22 16 21 19 25 15 20 21 14 23 19 23 21 19 18 17 15 15 24 15 15 24 17 22 14 14 13 14 23 16 14 25 17 15 24 24 21 17 24 18 15 24 19 22 16 17 23 19 22 14 24 21 19 13 18 17 14 17 24 23
35 14 19 20 12 16 14 19 19 15 11 17 17 17 12 16 19 19 14 16 20 18 14 18 18 19 13 15 18 19 16 13 12 12 19 13 19 14 16 12 20 19 12 12 19 18 18 14 12 18 17 21 18 19 18 21 15 13 20 16 12 15 19 20 20 12 19 12 12 13 17 20 12 11 11 19 20 19 16 13 12 14 15 20 16 21 17 15 19 15 13 19 19 21 15 14 19 12 17 20 20
36 23 39 27 35 38 28 31 23 29 30 23 41 24 23 32 24 36 41 25 28 31 24 34 23 25 31 32 23 38 37 24 23 33 32 40 26 31 40 30 28 40 39 29 34 29 32 39 32 31 32 33 35 36 28 30 39 31 39 33 30 40 36 27 40 25 31 31 29 35 33 31 23 37 27 31 35 24 26 37 38 29 27 37 38 26 30 29 30 31 31 37 36 25 33 37 39 30 32 40 37
37 49 47 36 28 30 33 37 41 36 42 45 34 49 51 51 41 46 39 50 44 49 51 44 46 32 32 51 42 44 35 42 36 37 50 29 42 48 49 37 44 44 46 52 34 39 46 31 47 43 49 50 40 40 29 47 37 33 29 44 43 39 29 44 36 49 44 45 34 32 45 38 37 32 33 35 37 41 45 51 47 29 35 49 50 42 34 31 45 44 46 46 32 46 51 35 41 38 36 29 47
38 33 35 29 25 31 30 31 30 31 33 32 38 28 40 32 36 32 25 36 31 23 33 23 31 34 31 29 36 33 27 38 27 24 29 28 32 26 26 28 22 32 26 33 33 39 32 22 28 40 34 32 30 28 28 25 39 22 36 33 40 33 39 37 28 37 34 23 35 31 26 34 22 26 24 28 32 25 31 31 31 26 28 37 33 27 39 30 36 22 37 25 26 29 37 38 30 30 36 39 32
39 10 12 9 8 12 12 9 12 12 13 9 10 11 12 13 10 9 10 8 13 13 13 14 14 12 11 10 8 12 8 8 9 13 8 10 10 11 9 13 9 12 13 10 14 8 14 10 11 11 8 10 12 13 12 14 12 11 9 10 12 13 14 12 11 8 12 9 12 14 13 8 11 10 14 8 8 10 14 10 9 11 11 12 12 13 9 9 8 8 12 12 13 11 9 14 8 13 11 9 12
40 32 40 34 30 44 32 30 40 40 38 42 45 36 41 32 38 41 37 42 26 42 36 34 33 43 30 33 32 38 26 39 41 37 39 43 25 31 30 41 33 41 41 32 43 25 38 44 37 42 37 36 43 44 33 42 26 43 42 26 25 42 43 36 33 36 35 27 43 39 39 33 31 33 45 43 45 33 37 36 37 35 37 43 29 34 45 35 29 44 25 38 42 26 39 37 28 33 30 28 38;
param maxIb: 1 :=
1 3.250000e+01
2 3.380000e+01
3 3.250000e+01
4 39
5 3.770000e+01
6 2.730000e+01
7 3.640000e+01
8 2.210000e+01
9 2.860000e+01
10 4.420000e+01
11 3.510000e+01
12 6.110000e+01
13 2.340000e+01
14 39
15 52
16 1.430000e+01
17 1.820000e+01
18 4.160000e+01
19 13
20 3.640000e+01
21 2.210000e+01
22 4.680000e+01
23 3.510000e+01
24 2.470000e+01
25 5.070000e+01
26 3.250000e+01
27 3.120000e+01
28 1.430000e+01
29 2.730000e+01
30 39
31 2.080000e+01
32 2.860000e+01
33 2.340000e+01
34 2.470000e+01
35 2.080000e+01
36 4.160000e+01
37 52
38 4.030000e+01
39 1.430000e+01
40 4.550000e+01;
param tempoe=0.000700;
