param nvertices=10; #numero de vertices
param ndemandas=40; #numero de demandas
param capacidadeij: 1 2 3 4 5 6 7 8 9 10 :=
 1 100 100 100 100 100 100 100 100 100 100
2 100 100 100 100 100 100 100 100 100 100
3 100 100 100 100 100 100 100 100 100 100
4 100 100 100 100 100 100 100 100 100 100
5 100 100 100 100 100 100 100 100 100 100
6 100 100 100 100 100 100 100 100 100 100
7 100 100 100 100 100 100 100 100 100 100
8 100 100 100 100 100 100 100 100 100 100
9 100 100 100 100 100 100 100 100 100 100
10 100 100 100 100 100 100 100 100 100 100; #Capacidade de banda de comunicacao de cada arco
param Adj: 1 2 3 4 5 6 7 8 9 10 := 
1 0 0 0 0 0 1 0 0 1 1
2 0 0 1 0 1 0 0 0 0 1
3 0 1 0 1 1 0 0 1 0 0
4 0 0 1 0 0 0 1 1 0 0
5 0 1 1 0 0 0 0 0 0 1
6 1 0 0 0 0 0 0 0 0 1
7 0 0 0 1 0 0 0 1 1 0
8 0 0 1 1 0 0 1 0 0 0
9 1 0 0 0 0 0 1 0 0 1
10 1 1 0 0 1 1 0 0 1 0;  #Matriz de adjacencia da topologia
param I: 1 2 3 :=
1 2.000000 1.000000 12.000000
2 3.000000 7.000000 10.000000
3 2.000000 5.000000 16.000000
4 2.000000 10.000000 18.000000
5 9.000000 1.000000 17.000000
6 3.000000 1.000000 12.000000
7 1.000000 3.000000 15.000000
8 10.000000 8.000000 10.000000
9 7.000000 6.000000 11.000000
10 6.000000 8.000000 18.000000
11 9.000000 3.000000 17.000000
12 2.000000 4.000000 15.000000
13 6.000000 2.000000 18.000000
14 3.000000 1.000000 19.000000
15 10.000000 5.000000 12.000000
16 2.000000 3.000000 10.000000
17 6.000000 1.000000 18.000000
18 7.000000 6.000000 16.000000
19 10.000000 6.000000 18.000000
20 3.000000 1.000000 14.000000
21 8.000000 3.000000 17.000000
22 2.000000 1.000000 19.000000
23 10.000000 5.000000 15.000000
24 7.000000 9.000000 18.000000
25 8.000000 10.000000 13.000000
26 4.000000 2.000000 11.000000
27 7.000000 4.000000 15.000000
28 6.000000 3.000000 15.000000
29 5.000000 7.000000 16.000000
30 8.000000 10.000000 15.000000
31 5.000000 4.000000 14.000000
32 9.000000 2.000000 19.000000
33 2.000000 3.000000 11.000000
34 7.000000 2.000000 10.000000
35 4.000000 8.000000 19.000000
36 8.000000 9.000000 10.000000
37 1.000000 7.000000 10.000000
38 10.000000 6.000000 18.000000
39 4.000000 6.000000 13.000000
40 10.000000 5.000000 16.000000;
param Ib: 1 2 3 4 5 6 7 8 9 10 11 12 13 14 15 16 17 18 19 20 21 22 23 24 25 26 27 28 29 30 31 32 33 34 35 36 37 38 39 40 41 42 43 44 45 46 47 48 49 50 51 52 53 54 55 56 57 58 59 60 61 62 63 64 65 66 67 68 69 70 71 72 73 74 75 76 77 78 79 80 81 82 83 84 85 86 87 88 89 90 91 92 93 94 95 96 97 98 99 100 :=
1 20 27 17 14 29 32 30 15 13 27 21 25 27 15 18 15 13 22 22 22 33 28 17 20 20 30 33 12 28 29 28 27 24 16 15 24 23 19 28 27 16 17 21 23 31 21 23 32 13 17 14 12 16 18 27 21 12 24 22 12 11 31 26 13 23 22 15 33 28 18 25 25 24 29 15 32 28 31 25 21 18 13 20 24 23 31 29 20 14 21 28 25 18 23 14 30 17 14 13 25
2 53 30 60 62 57 30 27 55 27 49 51 31 45 42 49 61 66 46 41 32 33 36 58 48 44 46 32 62 47 24 54 45 27 51 54 51 50 56 62 46 24 29 31 54 56 29 42 58 28 46 44 62 41 47 64 41 35 66 55 50 31 57 36 43 40 48 48 43 56 23 48 39 62 60 65 57 32 27 25 38 24 24 42 46 35 32 28 23 38 55 65 38 37 51 53 39 43 40 31 55
3 73 63 37 62 56 39 55 27 49 67 25 43 63 58 38 70 46 48 47 31 51 49 69 69 43 47 56 69 73 28 64 40 25 50 37 41 44 73 49 41 61 63 33 66 58 40 35 44 67 66 73 38 35 29 64 51 62 59 29 61 34 26 66 67 65 73 59 55 52 47 48 30 47 52 47 44 67 28 34 25 39 34 28 59 44 50 42 25 53 40 38 57 58 63 70 49 35 55 68 52
4 14 20 29 22 36 23 30 40 35 21 34 33 31 38 32 21 40 18 20 15 37 36 23 19 14 22 31 22 23 21 39 24 27 30 15 21 22 30 14 18 39 14 37 36 26 20 26 28 29 29 31 23 23 15 14 39 36 31 17 36 27 18 31 19 16 34 19 15 35 34 31 23 21 30 26 35 26 19 21 35 27 18 21 18 39 27 30 21 38 20 26 31 36 22 17 40 40 15 23 26
5 28 65 32 52 45 32 34 55 33 26 62 35 26 26 52 70 45 69 64 34 51 53 43 58 41 33 24 39 47 49 48 57 42 59 36 36 38 32 64 58 34 29 70 67 25 47 35 30 69 38 57 52 31 36 68 33 54 29 55 54 72 28 70 28 26 64 58 25 37 62 31 33 41 43 34 27 45 31 46 45 33 26 30 27 36 50 37 57 28 40 70 33 41 46 65 25 63 45 43 31
6 29 33 62 44 24 38 39 63 64 47 63 50 37 39 43 57 60 65 40 34 64 53 27 64 64 47 55 27 61 27 25 51 26 46 39 60 54 23 62 49 51 65 62 56 42 30 46 25 40 48 30 40 37 67 57 63 59 39 41 58 48 42 38 28 51 25 40 65 65 51 30 62 66 47 66 66 66 65 33 51 44 48 58 32 56 24 39 61 41 46 29 25 41 51 58 50 56 39 51 61
7 23 23 28 29 22 37 35 31 32 32 29 18 14 27 22 14 32 23 16 28 33 33 37 20 37 23 31 22 24 20 32 30 34 34 40 30 39 37 37 26 26 39 20 21 38 17 31 20 40 24 16 26 33 36 25 21 40 28 21 27 34 27 14 23 23 33 28 20 29 14 27 25 31 15 32 31 25 38 34 18 38 20 31 22 30 27 36 19 21 31 30 29 21 36 24 18 21 38 18 28
8 23 49 44 42 47 23 38 32 29 45 44 37 46 23 44 20 42 53 36 30 37 27 28 27 20 43 46 36 28 37 43 38 50 46 46 26 22 37 49 22 28 20 41 29 48 49 43 54 21 32 24 37 43 30 49 28 43 45 48 39 47 48 51 24 54 50 55 48 37 34 38 38 37 26 46 22 39 55 30 44 46 48 54 24 55 24 21 55 23 38 47 44 35 24 32 31 28 55 38 30
9 62 39 30 34 57 51 28 56 56 52 58 36 55 24 52 41 63 26 36 51 36 56 48 33 57 64 39 25 28 38 49 30 45 22 39 36 45 55 35 66 64 32 40 26 47 52 25 37 26 31 63 50 53 50 46 46 40 56 39 53 46 48 25 64 40 28 63 45 38 32 24 60 29 27 38 41 30 25 65 51 43 63 64 26 46 57 31 57 61 30 47 33 26 24 31 25 31 34 24 45
10 56 56 39 47 31 39 54 26 27 25 52 43 39 29 42 57 50 42 32 53 36 24 34 33 29 25 47 32 53 54 54 26 35 57 39 60 45 64 41 58 47 41 31 43 33 25 55 45 49 49 25 55 67 52 30 64 34 67 49 44 59 46 38 32 47 24 41 31 66 61 33 44 53 67 30 66 63 63 45 64 57 56 23 28 63 53 58 43 26 25 28 36 48 48 25 44 32 42 46 33
11 16 9 21 12 22 14 23 11 17 21 13 21 15 10 19 18 22 23 13 20 11 21 9 18 22 17 16 19 22 12 9 20 10 10 15 23 15 15 16 11 13 18 14 18 16 10 13 16 17 19 8 10 16 11 17 20 9 9 22 21 11 16 23 8 10 15 16 11 9 19 15 8 17 14 21 11 15 13 17 14 13 11 9 22 14 22 14 23 18 24 20 18 12 15 11 9 12 9 18 12
12 6 7 12 11 12 15 16 12 6 14 9 10 15 16 16 6 11 9 9 14 11 10 12 13 6 8 10 12 10 13 13 6 11 11 13 16 8 7 13 7 10 17 8 10 7 10 12 6 11 10 18 11 16 9 13 7 14 17 7 18 13 8 6 15 14 6 15 10 11 11 18 16 9 10 9 16 8 7 15 7 17 18 17 17 17 9 13 7 9 8 7 7 15 16 7 7 14 15 11 12
13 20 57 46 57 56 36 41 39 45 41 50 23 55 43 40 53 45 48 43 56 23 57 44 45 50 28 23 30 26 39 25 40 39 34 27 27 38 39 20 58 48 38 43 20 44 29 40 41 30 32 21 53 54 47 50 52 45 45 53 47 54 31 41 42 35 49 24 52 41 46 33 43 32 45 39 58 39 39 42 41 49 55 42 44 45 37 42 52 33 20 49 33 24 47 57 53 31 48 28 47
14 20 30 39 26 21 27 20 47 41 45 27 23 36 36 36 21 33 32 26 22 29 16 17 19 40 35 34 23 38 42 46 16 24 21 43 22 47 31 37 19 29 31 39 25 19 25 18 47 23 19 30 19 36 30 42 31 44 19 42 35 23 34 42 32 22 18 21 36 43 19 35 29 37 32 29 27 32 38 27 19 31 37 36 35 33 22 47 39 35 34 35 24 39 25 23 29 25 23 34 42
15 36 18 16 24 23 29 34 41 36 30 20 34 24 39 36 41 23 42 20 18 31 23 34 19 29 22 31 25 22 27 18 21 19 33 43 22 25 19 24 30 24 19 35 38 21 25 34 38 17 28 38 38 41 28 33 39 28 38 32 31 19 17 43 25 39 38 22 37 42 42 19 38 24 23 33 24 32 39 26 19 42 27 29 32 24 16 23 22 30 23 41 16 32 23 41 26 39 37 41 30
16 46 57 32 47 43 53 48 35 37 32 53 29 29 61 24 48 55 27 52 42 25 27 61 28 57 22 22 58 23 51 57 31 59 55 55 58 46 37 32 60 45 37 37 52 49 53 40 49 39 51 21 30 37 48 39 44 41 43 40 61 39 35 52 39 37 61 57 48 21 37 45 31 33 23 29 52 45 47 59 24 28 29 57 52 47 24 49 47 23 52 44 38 27 56 27 57 49 37 49 36
17 19 39 40 18 23 22 21 17 31 38 22 30 20 44 43 16 44 23 26 15 20 30 35 34 17 22 32 17 44 34 28 33 17 34 29 23 33 31 19 16 33 21 28 29 43 37 37 16 26 34 45 21 16 16 41 29 27 32 16 29 38 23 31 28 30 15 31 28 17 33 41 38 19 33 21 20 24 17 38 40 31 42 29 39 34 36 18 31 32 34 26 41 32 41 24 18 43 43 29 37
18 40 49 27 56 42 22 33 37 26 39 41 37 37 40 41 27 23 40 24 60 35 50 28 58 53 64 24 26 32 52 44 56 61 39 24 41 59 31 31 44 59 27 46 64 41 54 46 34 32 33 41 29 43 45 37 35 30 52 39 39 35 64 29 52 30 55 28 62 36 55 29 37 36 48 44 22 38 59 24 54 47 50 62 48 54 61 35 38 32 59 46 51 43 37 40 29 22 41 52 63
19 14 12 16 6 17 10 9 7 12 17 9 6 7 6 17 7 16 16 16 17 11 17 11 7 14 14 16 9 11 15 12 17 7 7 14 9 17 12 12 12 15 7 10 15 18 13 11 16 6 8 14 14 12 8 10 13 12 6 17 16 11 14 8 10 15 10 11 10 7 14 11 17 14 11 11 11 12 17 9 17 17 8 15 15 7 12 9 6 13 10 10 17 15 10 13 8 16 15 17 14
20 37 36 44 28 22 37 21 41 19 48 47 26 43 52 32 46 49 49 27 49 52 29 51 28 44 20 45 45 50 45 22 35 22 50 43 32 28 30 20 26 42 48 50 39 36 28 25 42 51 35 27 44 40 28 48 22 37 40 30 50 51 36 38 27 43 49 39 35 49 22 41 25 31 39 33 43 19 28 51 25 33 50 28 52 31 35 35 32 46 35 38 49 21 46 32 27 34 39 33 34
21 24 27 27 22 18 13 24 29 24 28 31 18 26 26 17 15 12 13 19 26 15 28 12 22 19 29 18 21 12 30 24 11 12 20 14 14 16 23 15 29 14 26 23 26 20 31 29 24 16 11 15 20 29 11 19 22 25 27 20 31 18 29 16 25 18 19 22 12 29 11 15 18 16 13 29 30 31 25 28 29 11 17 28 21 11 12 27 31 17 26 18 19 20 12 12 28 26 17 30 21
22 28 22 37 37 18 37 37 37 25 26 20 21 30 27 17 18 21 33 23 24 16 17 22 18 26 28 34 35 15 19 18 21 29 13 25 36 29 36 18 30 32 18 20 37 20 37 26 29 37 32 30 21 35 22 35 31 18 28 26 30 25 28 34 26 26 25 36 17 13 18 25 18 13 26 36 29 28 23 30 26 32 23 32 33 17 21 22 25 24 26 30 31 31 37 35 19 15 19 21 35
23 14 9 19 20 10 19 8 22 21 13 17 21 19 15 19 18 13 10 16 10 12 15 12 22 15 21 21 21 10 22 14 10 11 19 8 19 14 8 11 9 22 12 13 11 14 13 13 8 12 22 10 11 22 13 18 10 18 12 11 19 8 8 22 8 13 17 13 20 21 13 10 15 16 16 13 18 9 14 9 18 9 10 9 12 8 21 8 12 17 8 18 17 17 14 19 20 11 16 14 18
24 21 14 19 14 12 18 23 24 23 25 12 11 9 25 25 11 10 24 11 19 17 10 13 15 9 24 10 12 23 11 25 23 20 22 23 13 22 9 13 13 18 16 21 25 14 23 10 11 14 22 14 25 16 20 23 19 13 15 13 22 15 13 19 20 9 10 23 19 25 14 15 24 12 19 12 23 17 10 20 22 21 24 9 24 20 23 19 17 9 15 10 20 15 16 25 23 20 19 23 14
25 25 15 41 21 21 18 23 40 40 38 40 38 39 31 19 34 30 32 36 27 36 28 41 18 23 20 16 41 42 39 29 16 16 41 27 19 39 37 25 23 38 30 16 16 18 15 20 37 32 17 19 26 15 36 38 40 24 17 21 15 17 21 40 35 37 41 15 16 31 22 19 36 23 32 15 33 23 26 25 39 20 35 24 35 24 31 41 38 18 34 36 32 33 20 29 31 34 40 17 22
26 15 27 30 22 20 19 30 11 22 11 20 11 12 29 21 12 13 29 12 21 16 24 31 17 27 27 15 28 18 27 22 14 30 26 31 19 25 25 11 22 28 23 15 13 29 11 22 19 18 26 26 31 30 18 15 25 20 12 18 18 18 13 28 14 25 23 31 29 21 24 27 16 29 29 25 25 18 19 28 21 27 26 31 29 21 31 29 14 18 22 22 15 24 19 14 26 12 24 13 23
27 6 12 8 13 12 6 16 13 14 10 12 11 10 16 6 6 12 11 13 15 9 7 15 6 7 11 6 12 9 14 14 8 6 9 6 16 13 7 7 7 14 15 13 7 16 16 12 10 8 14 6 12 6 12 8 9 11 12 11 7 9 13 8 9 13 12 16 8 12 8 11 13 10 8 16 14 11 8 10 8 11 6 15 8 8 13 7 9 8 11 13 15 9 16 10 15 13 6 13 15
28 60 43 24 52 44 34 41 50 22 31 37 29 21 40 39 34 53 43 32 54 55 52 57 21 29 46 46 21 60 59 31 50 47 49 49 46 22 43 53 39 56 48 61 59 55 37 46 62 32 35 60 33 59 23 36 38 26 58 31 50 48 52 28 25 34 54 54 50 28 58 63 55 59 53 41 44 22 42 22 38 50 48 47 39 34 44 46 33 30 40 45 62 53 62 50 60 45 26 23 27
29 65 35 32 48 61 35 39 23 53 27 63 60 57 31 32 49 47 28 49 33 33 53 64 33 56 38 36 41 60 41 48 23 43 52 51 56 29 23 42 63 53 59 54 41 48 39 61 62 35 58 31 46 53 23 66 63 37 39 27 41 24 52 62 34 62 29 60 33 53 46 57 41 25 34 37 30 67 40 67 51 63 56 25 24 43 41 34 43 63 46 50 42 28 38 40 45 53 51 54 44
30 24 32 32 39 37 37 24 20 37 37 36 32 29 29 31 37 43 40 39 36 26 43 17 19 25 33 38 20 20 23 29 34 15 28 16 15 40 41 16 28 34 24 34 23 35 41 39 39 34 28 17 23 40 19 39 41 23 29 18 31 38 36 25 18 25 27 33 30 36 40 29 15 18 24 21 34 22 29 30 43 43 17 16 40 26 17 30 39 25 42 37 18 32 36 28 41 26 41 25 20
31 52 68 32 68 64 23 54 47 66 43 60 54 54 39 63 38 31 34 60 65 56 65 67 25 50 45 38 27 54 64 66 23 53 50 33 38 68 59 69 41 43 36 54 36 45 53 55 36 46 39 68 57 45 53 34 32 42 36 24 53 68 63 45 46 39 46 26 33 41 64 51 52 51 30 51 60 42 57 49 67 31 56 38 67 34 31 48 50 49 61 33 35 48 62 65 33 33 45 41 55
32 23 16 12 15 24 16 17 9 23 20 23 17 13 25 25 15 25 22 20 22 15 17 19 21 19 15 12 22 12 23 23 11 21 17 12 10 17 18 23 12 18 24 9 23 18 20 14 24 17 15 17 22 13 17 12 23 16 12 9 17 9 25 15 12 25 22 23 12 14 16 13 16 9 24 23 18 22 21 17 17 18 25 15 16 24 19 10 21 15 21 20 23 23 25 12 25 19 12 13 13
33 9 7 6 10 8 8 6 10 6 6 16 6 10 7 13 12 10 7 15 9 14 14 6 8 14 8 12 7 9 6 11 7 11 9 14 9 11 10 13 12 10 9 8 10 11 13 6 15 12 14 16 9 16 6 6 15 8 11 9 15 9 10 13 16 6 13 11 13 15 12 15 7 14 15 14 15 12 12 9 14 8 11 16 13 9 14 15 6 9 7 15 12 6 13 15 9 9 11 15 6
34 20 20 18 13 22 22 9 17 13 10 14 18 14 10 13 14 15 19 23 15 22 19 23 15 22 19 17 11 10 23 10 19 11 11 16 11 23 9 22 20 17 13 22 12 9 23 11 8 18 23 20 13 17 21 15 18 14 21 17 13 21 12 21 20 14 12 14 10 22 12 8 20 10 23 21 14 14 10 12 20 23 18 16 11 13 21 13 18 19 19 8 11 24 17 20 20 13 12 14 10
35 25 12 13 12 25 16 18 31 24 29 21 20 31 19 27 30 20 26 16 18 12 24 16 16 28 19 22 32 12 32 31 22 22 29 17 26 16 18 18 20 16 14 19 30 26 13 21 16 21 17 14 31 21 22 20 32 24 27 20 22 12 23 14 26 32 20 29 22 25 30 15 33 28 12 22 19 28 19 19 21 28 24 31 19 23 28 20 30 29 11 27 30 29 13 24 20 31 24 31 16
36 8 15 7 12 8 14 7 13 15 15 14 9 13 13 14 14 8 8 13 9 11 10 9 6 10 13 11 5 15 15 12 12 14 9 12 13 6 11 14 14 7 9 13 15 12 9 11 14 10 8 14 9 10 14 10 9 5 6 8 9 12 9 11 11 9 7 9 12 12 10 14 12 8 9 12 11 9 15 13 11 11 7 6 14 14 7 8 12 7 13 8 13 8 7 6 11 14 7 13 13
37 31 52 27 50 51 27 29 39 33 55 22 44 56 49 37 51 51 23 33 38 19 46 21 52 44 21 53 21 35 53 27 21 34 56 43 20 43 39 44 39 32 28 53 35 45 46 24 45 50 54 41 19 54 49 48 48 47 37 33 42 44 23 41 48 25 29 52 39 23 51 33 39 36 32 51 19 52 42 25 40 44 20 31 21 19 36 23 21 32 29 23 51 56 47 27 38 23 50 25 37
38 30 51 39 24 55 24 34 56 45 22 21 47 31 22 45 34 44 47 38 45 37 55 26 45 35 41 41 27 41 56 41 24 40 62 52 39 58 29 30 24 55 61 30 48 51 63 56 60 28 38 44 54 50 58 34 26 58 52 21 21 28 29 42 32 27 61 30 47 33 49 53 46 43 24 23 46 25 46 39 62 27 31 29 29 23 62 26 48 51 55 22 54 36 30 52 60 35 24 47 33
39 38 31 38 47 43 29 35 36 50 49 39 39 27 28 47 41 52 19 39 33 54 41 22 33 49 19 30 40 49 54 26 22 43 21 42 47 29 44 49 29 35 42 40 27 42 27 26 31 21 24 25 51 36 42 26 19 31 24 35 31 41 21 26 22 52 40 33 41 24 49 32 20 52 20 32 47 25 29 34 23 33 48 41 23 53 36 23 47 46 40 48 48 30 50 25 46 32 45 19 25
40 22 21 42 44 21 20 52 43 20 47 22 54 46 42 19 47 20 39 48 29 34 42 27 37 21 45 29 44 22 22 43 25 44 45 42 37 31 24 27 22 44 22 49 54 41 32 20 24 24 37 44 48 21 54 52 37 25 52 36 20 26 43 21 20 35 36 34 45 35 39 53 21 31 49 29 25 27 26 33 29 20 52 30 32 39 26 24 35 24 20 40 34 47 38 27 33 19 44 27 24;
param maxIb: 1 :=
1 33
2 6.750000e+01
3 7.350000e+01
4 4.050000e+01
5 72
6 6.750000e+01
7 4.050000e+01
8 5.550000e+01
9 66
10 6.750000e+01
11 24
12 18
13 5.850000e+01
14 48
15 4.350000e+01
16 6.150000e+01
17 45
18 6.450000e+01
19 18
20 5.250000e+01
21 3.150000e+01
22 3.750000e+01
23 2.250000e+01
24 2.550000e+01
25 42
26 3.150000e+01
27 1.650000e+01
28 63
29 6.750000e+01
30 4.350000e+01
31 69
32 2.550000e+01
33 1.650000e+01
34 24
35 33
36 15
37 57
38 63
39 54
40 54;
param tempoe=0.000560;
