param nvertices=10; #numero de vertices
param ndemandas=40; #numero de demandas
param capacidadeij: 1 2 3 4 5 6 7 8 9 10 :=
 1 100 100 100 100 100 100 100 100 100 100
2 100 100 100 100 100 100 100 100 100 100
3 100 100 100 100 100 100 100 100 100 100
4 100 100 100 100 100 100 100 100 100 100
5 100 100 100 100 100 100 100 100 100 100
6 100 100 100 100 100 100 100 100 100 100
7 100 100 100 100 100 100 100 100 100 100
8 100 100 100 100 100 100 100 100 100 100
9 100 100 100 100 100 100 100 100 100 100
10 100 100 100 100 100 100 100 100 100 100; #Capacidade de banda de comunicacao de cada arco
param Adj: 1 2 3 4 5 6 7 8 9 10 := 
1 0 0 0 0 0 1 0 0 1 1
2 0 0 1 0 1 0 0 0 0 1
3 0 1 0 1 1 0 0 1 0 0
4 0 0 1 0 0 0 1 1 0 0
5 0 1 1 0 0 0 0 0 0 1
6 1 0 0 0 0 0 0 0 0 1
7 0 0 0 1 0 0 0 1 1 0
8 0 0 1 1 0 0 1 0 0 0
9 1 0 0 0 0 0 1 0 0 1
10 1 1 0 0 1 1 0 0 1 0;  #Matriz de adjacencia da topologia
param I: 1 2 3 :=
1 3.000000 8.000000 14.000000
2 2.000000 6.000000 15.000000
3 4.000000 8.000000 19.000000
4 3.000000 2.000000 13.000000
5 7.000000 8.000000 12.000000
6 5.000000 9.000000 13.000000
7 8.000000 5.000000 11.000000
8 3.000000 5.000000 14.000000
9 4.000000 6.000000 17.000000
10 4.000000 9.000000 10.000000
11 1.000000 9.000000 14.000000
12 1.000000 4.000000 15.000000
13 5.000000 1.000000 12.000000
14 4.000000 3.000000 11.000000
15 9.000000 5.000000 17.000000
16 7.000000 1.000000 15.000000
17 7.000000 10.000000 14.000000
18 7.000000 1.000000 18.000000
19 9.000000 4.000000 15.000000
20 5.000000 4.000000 10.000000
21 6.000000 9.000000 14.000000
22 7.000000 9.000000 14.000000
23 5.000000 6.000000 18.000000
24 9.000000 4.000000 19.000000
25 1.000000 2.000000 16.000000
26 2.000000 1.000000 18.000000
27 4.000000 3.000000 11.000000
28 3.000000 9.000000 18.000000
29 3.000000 9.000000 11.000000
30 3.000000 9.000000 11.000000
31 3.000000 8.000000 11.000000
32 2.000000 1.000000 17.000000
33 6.000000 9.000000 12.000000
34 2.000000 5.000000 13.000000
35 7.000000 4.000000 13.000000
36 9.000000 8.000000 14.000000
37 8.000000 4.000000 13.000000
38 9.000000 5.000000 14.000000
39 10.000000 4.000000 15.000000
40 10.000000 6.000000 10.000000;
param Ib: 1 2 3 4 5 6 7 8 9 10 11 12 13 14 15 16 17 18 19 20 21 22 23 24 25 26 27 28 29 30 31 32 33 34 35 36 37 38 39 40 41 42 43 44 45 46 47 48 49 50 51 52 53 54 55 56 57 58 59 60 61 62 63 64 65 66 67 68 69 70 71 72 73 74 75 76 77 78 79 80 81 82 83 84 85 86 87 88 89 90 91 92 93 94 95 96 97 98 99 100 :=
1 18 21 22 16 15 21 20 22 14 15 21 13 19 18 13 17 16 21 18 21 18 21 18 12 13 12 12 15 13 14 18 13 12 21 13 20 17 16 20 18 16 20 12 19 18 17 13 15 21 22 17 13 19 16 19 16 15 20 15 19 17 21 14 17 16 22 18 19 15 21 16 20 12 22 15 18 19 21 19 16 18 18 19 12 18 22 18 13 16 15 13 22 15 17 17 19 14 21 17 19
2 30 35 25 23 31 36 37 23 31 24 32 31 24 22 21 25 34 36 26 36 25 34 21 32 36 26 36 35 30 35 23 34 23 30 24 30 27 37 37 33 35 36 24 34 34 25 30 36 34 33 34 24 25 22 32 36 29 32 25 22 28 31 28 36 38 28 38 28 28 36 33 33 33 21 24 36 23 32 35 22 38 34 35 37 33 37 33 38 23 22 21 30 33 31 30 34 33 36 39 23
3 38 35 35 54 50 35 55 38 37 48 51 55 35 50 41 52 49 59 47 50 52 41 55 55 46 60 50 45 53 56 47 45 59 57 56 42 35 56 46 55 58 62 46 56 49 53 44 51 42 45 57 40 47 38 60 38 49 38 42 61 56 61 62 40 52 45 45 52 49 63 44 41 39 46 63 45 49 47 46 38 57 53 36 42 43 43 58 59 40 61 43 39 60 45 46 60 53 41 41 40
4 35 25 36 37 34 45 40 36 32 33 34 39 33 42 26 34 36 25 26 32 30 42 26 39 31 35 37 33 32 42 34 29 28 31 37 28 28 31 44 30 36 42 45 29 42 40 43 45 40 39 29 29 31 35 29 36 26 35 26 37 37 43 28 35 39 40 32 43 33 35 38 40 33 29 36 37 26 30 30 39 28 34 30 25 38 26 38 41 35 41 33 45 42 33 34 35 27 42 27 27
5 25 32 30 32 31 28 37 30 36 21 27 34 23 25 32 23 31 25 34 31 20 23 33 32 21 21 36 34 29 22 33 21 30 24 25 23 37 37 36 32 30 29 36 32 24 30 24 23 25 35 26 26 26 35 35 24 34 31 37 34 35 30 29 22 28 27 31 36 27 29 34 29 32 31 32 30 22 35 22 22 29 37 28 24 30 28 32 25 23 32 31 25 27 28 24 33 27 33 24 33
6 53 33 48 52 48 43 35 55 54 35 53 32 57 32 53 34 42 55 41 33 50 50 35 42 53 53 40 41 54 58 47 56 56 51 40 56 48 55 42 41 47 42 35 36 46 58 54 50 35 43 42 39 32 38 33 33 39 47 51 41 37 33 36 41 41 44 36 48 54 32 44 55 34 39 46 37 38 35 46 49 32 57 51 54 46 37 38 41 39 33 43 36 39 50 40 57 39 50 32 53
7 26 27 37 31 34 39 34 28 26 33 40 23 23 34 41 23 33 29 32 40 28 31 36 34 31 39 37 24 37 28 33 28 39 41 28 36 41 40 32 35 23 26 41 25 28 27 23 40 26 38 39 32 27 29 38 41 31 25 32 41 37 23 25 28 25 33 24 25 36 26 35 27 40 30 25 28 30 35 33 29 25 29 36 30 27 40 36 23 36 28 31 26 33 31 27 31 33 28 28 36
8 42 35 32 31 42 52 48 56 38 51 46 53 49 33 34 55 54 51 47 32 37 55 56 57 52 43 45 36 33 54 43 46 45 49 42 31 47 40 54 32 40 42 36 56 57 37 43 43 49 31 32 34 52 41 52 54 55 36 40 47 38 39 35 36 40 41 32 35 43 36 36 32 46 47 33 41 57 50 41 56 53 31 43 53 45 51 43 55 52 48 31 38 44 55 49 54 31 34 49 51
9 35 41 35 29 43 42 43 27 31 35 33 25 35 38 29 40 35 28 40 26 34 24 35 42 43 32 41 40 27 34 30 29 34 24 28 33 33 41 41 26 26 36 35 27 30 26 31 28 28 29 38 42 26 32 25 35 42 28 25 41 38 42 29 24 34 26 29 35 35 32 42 41 39 35 42 30 31 42 30 40 41 36 35 40 39 41 44 43 28 30 25 33 30 30 43 37 27 29 39 38
10 22 18 21 22 29 17 29 30 21 29 22 25 24 25 30 21 21 25 21 21 29 20 22 17 17 19 27 18 24 21 20 25 30 24 23 26 30 21 31 20 21 27 19 24 23 23 19 26 24 26 27 27 17 28 25 19 28 29 25 30 24 23 17 22 24 29 24 28 19 26 24 22 22 22 29 21 22 30 25 23 20 20 17 23 18 25 22 25 29 18 26 27 20 24 19 31 29 26 17 31
11 46 31 35 44 48 45 37 45 49 45 38 50 47 36 33 50 36 35 31 51 32 42 46 53 34 52 51 43 35 53 33 48 46 49 51 40 46 31 41 46 51 51 49 43 38 33 36 30 43 37 43 36 39 43 33 52 30 45 48 38 33 43 33 53 34 46 49 46 39 41 53 35 33 50 32 46 49 38 42 54 30 39 47 31 33 46 54 50 34 35 54 47 36 37 35 33 42 37 48 35
12 44 46 37 41 30 49 41 50 39 45 32 32 53 43 54 37 38 32 34 53 55 31 54 50 53 31 42 35 34 36 49 38 41 49 52 54 37 50 44 36 47 44 49 48 43 52 30 36 33 44 43 49 36 40 42 51 54 51 42 30 40 38 34 50 35 50 41 36 45 49 35 41 41 34 30 35 52 49 33 42 45 48 35 41 31 49 51 50 31 30 53 43 43 39 52 54 40 37 41 38
13 42 26 27 27 33 39 38 36 30 33 39 36 28 38 35 25 27 29 29 23 29 27 29 36 36 41 42 39 30 28 40 30 24 43 33 35 26 28 35 33 42 30 43 28 25 29 29 29 28 28 33 24 33 30 31 26 37 41 24 31 30 29 39 31 33 28 39 34 26 41 28 29 33 30 23 37 42 37 30 32 28 26 33 35 36 33 29 34 39 30 29 27 32 25 38 35 28 37 42 37
14 49 32 34 32 33 35 37 32 35 30 50 46 44 30 51 38 32 33 50 27 32 29 36 38 33 39 40 39 34 30 33 47 42 33 31 44 36 39 35 36 29 47 37 37 36 47 46 49 40 34 36 40 44 31 45 36 30 36 34 44 37 33 38 50 33 49 37 33 44 32 46 47 45 36 39 41 36 42 35 43 41 37 47 34 32 47 43 39 45 51 33 45 40 39 44 32 28 41 42 37
15 40 43 41 31 47 46 33 51 38 47 35 39 36 32 36 47 29 45 41 30 46 34 44 48 37 36 46 45 48 48 39 48 50 32 47 51 42 47 32 41 51 51 51 41 36 52 31 39 36 48 47 35 36 50 52 37 46 52 30 53 38 44 49 33 35 51 32 47 40 30 39 49 32 43 40 38 36 37 32 42 29 32 49 33 49 41 37 47 44 49 43 51 40 32 44 53 43 34 35 30
16 22 18 12 14 21 14 14 16 17 21 22 12 20 19 13 16 13 13 13 18 19 16 17 21 14 22 20 19 21 20 21 16 20 18 19 21 18 13 15 21 14 14 14 15 14 19 14 20 17 15 16 13 15 20 19 13 19 20 16 18 19 15 18 15 18 18 18 21 14 20 20 22 19 17 16 13 13 19 12 19 13 18 14 12 19 13 15 12 20 16 16 12 21 15 19 16 19 21 18 12
17 35 59 35 52 47 56 59 49 50 46 54 60 35 54 42 35 38 45 53 35 38 56 41 49 54 57 55 55 46 38 34 60 52 35 43 46 59 52 59 56 34 61 46 50 52 49 36 38 44 53 53 46 42 38 40 49 52 50 45 41 52 53 48 41 46 60 45 44 53 60 44 52 44 44 58 57 47 54 57 58 60 36 40 58 44 40 37 36 48 37 37 57 55 60 49 37 50 36 48 38
18 40 39 39 38 30 29 29 37 31 30 34 27 32 27 27 36 23 39 41 41 33 25 37 39 29 35 40 35 34 27 29 24 41 29 23 26 37 24 37 24 31 36 27 37 41 25 28 39 38 30 27 29 28 35 39 39 23 33 23 31 38 23 33 36 24 40 39 39 31 25 36 24 36 37 42 32 28 24 25 31 23 41 27 39 29 31 39 29 37 33 32 36 35 29 26 35 23 29 25 30
19 19 18 20 19 24 22 25 21 26 27 27 23 21 19 18 26 21 20 18 27 26 26 18 15 22 25 21 19 26 27 25 19 27 20 19 22 15 19 26 26 27 27 22 24 23 27 21 19 26 25 26 26 20 17 16 20 19 18 16 24 23 26 23 24 22 25 22 24 22 22 22 27 16 19 18 20 25 26 26 24 21 26 17 21 15 19 20 24 22 20 22 22 18 21 22 27 22 24 25 19
20 20 29 21 27 33 32 23 25 22 22 29 18 25 19 21 21 30 29 32 21 28 25 20 19 26 30 29 32 33 22 19 30 19 29 29 24 26 28 25 20 20 19 27 19 28 33 26 34 19 27 24 32 29 23 26 33 28 31 19 31 27 28 18 26 29 32 28 33 20 23 30 32 27 24 26 33 22 22 24 30 32 26 21 23 30 22 28 26 28 19 19 22 25 30 21 21 24 27 24 19
21 28 43 31 28 30 37 39 29 29 37 37 40 42 46 45 42 28 41 35 37 48 31 39 41 36 33 38 45 34 47 41 49 39 34 31 28 29 43 34 32 36 39 48 28 28 38 32 31 36 28 48 48 35 48 44 32 45 31 44 37 30 48 48 39 45 31 47 29 45 48 39 41 37 38 32 33 32 43 42 37 42 30 30 45 36 44 27 29 38 28 49 33 42 48 32 35 35 30 28 44
22 26 15 23 20 16 22 17 20 26 15 18 16 24 16 19 17 26 20 24 22 22 16 26 18 23 23 23 15 24 20 17 17 23 25 24 17 19 17 20 26 19 23 18 25 18 24 27 25 16 16 17 21 27 26 16 16 19 26 24 26 17 25 20 18 15 16 21 21 17 26 22 15 26 19 17 16 21 18 24 22 26 18 19 21 24 27 16 24 20 18 25 15 24 25 25 22 24 24 22 17
23 40 26 39 38 33 37 28 37 38 37 29 31 36 43 42 35 24 41 26 34 39 26 38 35 38 40 38 32 35 35 24 38 36 29 34 36 37 38 40 24 27 39 34 26 28 34 35 38 32 36 28 33 37 26 40 41 25 26 33 28 33 25 24 42 31 41 43 36 37 32 35 32 28 38 36 26 41 35 30 36 26 36 41 37 39 32 26 38 25 34 32 25 28 24 39 36 30 34 27 26
24 40 41 28 38 37 38 34 49 45 45 49 29 29 44 42 35 32 38 46 48 49 44 49 32 50 46 36 32 49 41 44 48 50 49 32 35 42 31 38 46 34 48 48 41 45 30 31 46 47 36 43 45 28 37 40 37 42 40 36 48 34 47 27 45 33 31 37 39 48 42 29 36 41 46 41 39 45 36 46 45 42 28 50 32 34 31 37 31 44 45 32 45 41 30 45 36 33 44 34 49
25 36 36 33 32 47 43 48 35 43 30 40 34 27 27 42 39 35 45 34 38 46 33 34 44 45 27 38 27 28 43 46 39 30 34 43 45 40 39 39 39 38 43 31 48 32 45 27 34 34 30 33 45 43 39 42 27 30 32 29 34 37 30 44 41 33 46 35 48 47 45 39 43 46 26 35 43 43 31 37 31 46 45 29 31 34 44 36 46 31 27 41 42 45 42 31 32 39 33 32 38
26 43 34 51 33 48 32 36 44 35 44 36 53 49 48 45 34 56 34 41 36 45 48 38 46 33 36 35 35 43 35 36 55 34 32 42 45 38 34 36 42 40 52 32 41 41 43 35 32 32 54 37 34 44 44 38 37 33 40 33 47 37 49 53 53 55 51 49 39 40 56 40 54 46 35 51 55 48 34 50 51 47 48 55 46 43 41 35 52 42 54 49 50 55 41 32 39 35 33 48 33
27 44 29 38 43 42 30 40 26 39 34 30 30 42 39 35 27 32 34 36 28 39 36 35 40 30 42 32 37 35 30 32 28 38 44 41 33 43 41 40 28 35 31 37 29 33 39 31 26 27 25 36 39 26 41 39 43 36 41 43 34 32 41 40 25 39 42 32 45 43 42 28 43 41 29 26 30 26 25 31 35 31 27 45 41 28 32 27 38 33 34 28 37 32 28 27 45 40 37 40 42
28 17 16 15 16 20 16 18 13 19 19 16 18 14 16 19 20 15 16 17 20 18 13 14 13 23 15 13 22 19 21 18 18 22 16 21 16 20 22 21 16 19 14 18 21 20 15 20 20 17 23 23 21 23 19 14 18 21 17 15 19 20 20 22 13 23 19 15 20 23 19 17 23 20 13 13 17 20 20 16 22 15 23 20 18 22 22 15 20 20 19 14 19 22 20 23 19 14 18 16 21
29 17 26 23 17 17 21 22 22 24 27 15 17 15 25 22 24 20 27 24 23 18 22 26 18 16 15 23 15 15 19 25 26 26 17 15 17 25 26 27 18 26 20 21 26 25 18 15 25 25 27 22 18 20 24 19 19 27 21 15 21 21 19 15 19 22 22 19 17 15 16 27 21 19 27 22 18 15 19 25 27 17 15 15 24 23 24 26 24 20 18 25 26 19 18 16 26 20 19 25 22
30 8 11 12 9 10 10 9 12 10 9 13 9 8 8 13 14 14 13 9 11 8 14 9 10 10 9 11 10 14 14 8 14 14 9 13 9 13 13 9 14 11 9 12 13 11 12 8 10 12 10 11 14 9 9 10 9 8 8 11 8 11 13 9 12 8 13 10 14 10 13 13 10 9 14 8 12 14 11 13 12 14 14 11 9 8 8 8 9 10 9 9 11 10 9 11 10 8 11 8 14
31 37 61 55 33 57 37 40 52 42 37 58 57 45 41 44 51 35 57 34 61 37 42 48 34 52 40 46 41 39 56 46 57 58 48 33 58 46 60 56 43 49 60 49 51 39 59 40 57 51 39 34 55 59 58 40 34 35 54 58 60 49 60 58 44 37 47 48 59 46 39 49 53 56 45 42 46 50 41 34 58 45 50 55 47 37 41 57 34 55 56 56 38 55 60 55 47 52 56 54 38
32 23 16 26 24 22 16 21 16 17 26 27 19 17 19 17 22 22 28 25 19 16 22 24 19 16 16 19 24 20 22 16 27 29 17 23 16 28 23 16 19 21 24 22 17 16 24 24 18 19 23 24 21 25 22 21 27 23 22 26 26 29 18 23 18 25 20 21 24 19 18 24 20 21 16 23 26 22 22 26 24 25 18 22 26 25 17 25 24 18 22 19 24 25 28 19 22 23 28 28 19
33 53 49 47 48 56 47 49 37 34 47 42 50 57 53 42 50 53 40 55 49 39 46 60 52 37 50 61 57 60 37 63 52 41 42 43 38 62 55 35 37 59 48 39 58 47 48 43 43 40 49 59 50 60 47 48 54 58 51 57 42 37 54 55 41 47 48 52 51 39 46 43 51 38 57 63 57 55 60 55 53 44 51 38 61 43 62 44 41 51 63 37 49 64 47 46 59 55 42 61 49
34 19 15 13 14 19 20 16 16 15 14 12 19 16 20 14 20 19 14 22 13 18 15 13 21 19 16 21 16 16 20 15 17 22 15 20 18 19 21 22 16 12 22 17 16 19 22 21 16 21 18 15 15 18 14 16 17 18 21 19 17 21 15 18 17 16 14 15 20 22 15 22 17 13 15 13 15 13 12 18 18 15 20 19 14 17 13 17 20 20 19 20 21 20 20 16 12 21 14 20 19
35 25 29 26 40 34 37 26 36 27 29 31 32 33 26 45 33 30 25 31 27 33 33 31 42 35 29 28 45 43 38 39 30 45 25 30 45 34 35 25 44 40 28 44 42 42 25 27 32 39 33 43 35 44 33 32 35 28 31 36 28 27 36 44 37 45 39 27 40 25 35 28 30 45 29 34 37 31 40 41 33 35 26 25 41 32 31 37 25 34 42 35 30 29 35 28 35 37 39 42 44
36 46 36 40 42 47 38 46 35 27 29 48 36 36 40 33 38 31 35 30 29 31 35 32 44 34 41 30 46 35 47 45 27 35 30 40 45 43 35 44 29 35 29 43 46 34 43 37 39 33 41 28 29 27 44 47 41 37 27 29 27 30 37 28 48 41 43 30 29 31 31 30 35 31 40 46 30 45 39 30 38 43 26 46 38 33 47 45 38 29 29 36 38 47 48 44 44 46 44 35 30
37 23 22 27 22 25 28 38 27 27 24 32 23 23 22 21 35 24 30 25 37 22 25 25 26 25 34 30 37 34 31 32 29 25 37 26 28 25 35 35 26 21 26 35 26 22 26 33 32 31 34 21 24 25 34 28 22 25 35 32 31 33 23 36 21 24 26 29 28 37 33 36 28 24 31 29 29 23 31 29 35 34 36 33 30 27 23 38 32 32 37 29 36 32 36 26 37 24 37 21 25
38 11 11 11 9 12 9 10 12 8 14 8 10 12 9 13 11 13 9 10 13 8 12 11 13 8 12 9 10 8 11 9 12 13 8 10 10 11 13 10 10 10 9 11 14 11 8 11 14 11 11 10 9 12 9 9 10 13 11 11 9 13 9 8 9 12 11 10 11 11 10 11 13 8 9 10 13 10 10 13 10 13 8 14 12 10 12 8 12 9 14 10 11 12 12 14 8 13 13 8 11
39 25 28 27 32 24 28 40 29 35 37 37 39 34 27 28 23 34 37 31 33 25 36 37 35 28 35 39 36 27 28 36 38 35 34 29 35 35 30 31 32 34 27 34 26 38 25 40 31 26 36 24 25 41 28 27 38 40 32 25 23 41 38 36 27 26 25 28 34 34 33 34 34 25 35 34 37 33 38 35 36 32 39 32 37 36 28 35 26 24 40 27 41 24 32 34 40 41 35 32 36
40 12 14 10 14 12 15 11 10 14 10 12 11 10 10 10 13 13 9 15 13 15 12 9 15 14 13 11 13 10 15 13 11 11 10 11 14 13 13 9 12 12 10 10 11 10 10 10 15 10 13 10 9 15 9 15 13 11 13 15 13 15 10 12 9 14 15 9 9 9 15 9 11 9 10 13 15 13 10 15 12 14 13 15 14 12 10 14 14 10 9 9 13 13 10 14 10 11 15 9 15;
param maxIb: 1 :=
1 2.210000e+01
2 39
3 6.370000e+01
4 4.550000e+01
5 3.770000e+01
6 5.850000e+01
7 4.160000e+01
8 5.720000e+01
9 4.420000e+01
10 3.120000e+01
11 5.460000e+01
12 5.460000e+01
13 4.290000e+01
14 5.070000e+01
15 5.330000e+01
16 2.210000e+01
17 6.240000e+01
18 4.160000e+01
19 2.730000e+01
20 3.380000e+01
21 4.940000e+01
22 2.730000e+01
23 4.290000e+01
24 5.070000e+01
25 4.810000e+01
26 5.590000e+01
27 4.550000e+01
28 2.340000e+01
29 2.730000e+01
30 1.430000e+01
31 6.110000e+01
32 2.860000e+01
33 6.370000e+01
34 2.210000e+01
35 4.550000e+01
36 4.810000e+01
37 3.770000e+01
38 1.430000e+01
39 4.160000e+01
40 1.560000e+01;
param tempoe=0.000427;
