param nvertices=10; #numero de vertices
param ndemandas=40; #numero de demandas
param capacidadeij: 1 2 3 4 5 6 7 8 9 10 :=
 1 100 100 100 100 100 100 100 100 100 100
2 100 100 100 100 100 100 100 100 100 100
3 100 100 100 100 100 100 100 100 100 100
4 100 100 100 100 100 100 100 100 100 100
5 100 100 100 100 100 100 100 100 100 100
6 100 100 100 100 100 100 100 100 100 100
7 100 100 100 100 100 100 100 100 100 100
8 100 100 100 100 100 100 100 100 100 100
9 100 100 100 100 100 100 100 100 100 100
10 100 100 100 100 100 100 100 100 100 100; #Capacidade de banda de comunicacao de cada arco
param Adj: 1 2 3 4 5 6 7 8 9 10 := 
1 0 0 0 0 0 1 0 0 1 1
2 0 0 1 0 1 0 0 0 0 1
3 0 1 0 1 1 0 0 1 0 0
4 0 0 1 0 0 0 1 1 0 0
5 0 1 1 0 0 0 0 0 0 1
6 1 0 0 0 0 0 0 0 0 1
7 0 0 0 1 0 0 0 1 1 0
8 0 0 1 1 0 0 1 0 0 0
9 1 0 0 0 0 0 1 0 0 1
10 1 1 0 0 1 1 0 0 1 0;  #Matriz de adjacencia da topologia
param I: 1 2 3 :=
1 4.000000 3.000000 13.000000
2 9.000000 8.000000 13.000000
3 9.000000 1.000000 10.000000
4 4.000000 8.000000 19.000000
5 8.000000 10.000000 19.000000
6 8.000000 2.000000 16.000000
7 5.000000 6.000000 17.000000
8 6.000000 3.000000 16.000000
9 8.000000 4.000000 11.000000
10 6.000000 3.000000 18.000000
11 7.000000 9.000000 11.000000
12 5.000000 4.000000 13.000000
13 3.000000 6.000000 16.000000
14 5.000000 7.000000 14.000000
15 3.000000 4.000000 15.000000
16 6.000000 4.000000 17.000000
17 7.000000 9.000000 15.000000
18 7.000000 4.000000 15.000000
19 1.000000 4.000000 18.000000
20 5.000000 9.000000 17.000000
21 7.000000 1.000000 13.000000
22 2.000000 1.000000 15.000000
23 3.000000 5.000000 13.000000
24 9.000000 8.000000 17.000000
25 1.000000 2.000000 11.000000
26 10.000000 5.000000 17.000000
27 10.000000 6.000000 10.000000
28 4.000000 10.000000 12.000000
29 7.000000 8.000000 16.000000
30 7.000000 5.000000 18.000000
31 7.000000 10.000000 12.000000
32 4.000000 2.000000 15.000000
33 5.000000 6.000000 15.000000
34 1.000000 7.000000 15.000000
35 10.000000 9.000000 14.000000
36 2.000000 10.000000 12.000000
37 8.000000 1.000000 10.000000
38 4.000000 2.000000 14.000000
39 7.000000 8.000000 14.000000
40 4.000000 8.000000 15.000000;
param Ib: 1 2 3 4 5 6 7 8 9 10 11 12 13 14 15 16 17 18 19 20 21 22 23 24 25 26 27 28 29 30 31 32 33 34 35 36 37 38 39 40 41 42 43 44 45 46 47 48 49 50 51 52 53 54 55 56 57 58 59 60 61 62 63 64 65 66 67 68 69 70 71 72 73 74 75 76 77 78 79 80 81 82 83 84 85 86 87 88 89 90 91 92 93 94 95 96 97 98 99 100 :=
1 32 49 49 57 54 47 36 38 51 56 52 52 50 45 47 51 43 54 56 41 38 57 44 58 54 41 34 51 34 35 35 35 57 41 35 48 56 34 59 59 54 60 46 33 37 43 34 48 50 58 41 49 52 54 37 41 39 34 52 36 52 36 55 58 60 37 49 58 52 33 50 45 52 37 45 42 42 43 51 46 37 59 55 42 35 54 54 37 43 40 50 46 33 54 48 38 55 35 52 44
2 37 56 47 51 39 55 61 44 38 50 52 52 43 58 54 42 44 61 47 57 41 53 48 61 49 57 49 46 58 36 51 53 41 52 61 59 39 49 40 48 54 34 42 44 46 47 59 42 37 46 43 59 39 51 38 34 42 38 54 38 37 58 36 46 35 38 40 48 60 47 54 35 44 34 39 60 54 51 37 40 50 42 35 47 46 34 49 47 33 61 58 33 56 39 57 36 44 33 50 42
3 36 34 28 24 25 32 26 27 22 22 22 23 36 27 29 35 39 23 26 22 29 30 35 37 29 25 21 36 38 30 22 38 38 22 23 36 28 38 21 24 37 34 38 28 27 29 38 23 35 35 21 37 38 35 23 26 35 31 35 38 26 26 25 27 24 37 37 32 27 28 24 37 24 32 23 32 27 28 26 33 35 31 36 37 37 26 33 29 21 37 36 22 38 34 23 22 28 34 25 29
4 27 36 40 22 39 30 32 34 40 26 29 23 30 38 28 40 28 31 28 33 26 34 25 30 22 32 22 31 33 28 23 23 30 34 34 22 39 37 39 37 36 27 24 36 25 36 38 38 29 26 25 30 29 28 35 36 24 31 32 36 23 22 38 37 39 39 34 26 33 26 32 26 32 40 27 23 24 33 26 22 34 37 25 40 29 35 31 22 22 34 30 23 34 23 23 39 30 31 35 26
5 25 40 35 34 27 23 24 35 34 33 40 41 31 32 24 32 39 33 29 23 32 30 25 28 25 26 23 31 29 28 36 32 33 35 36 26 28 38 27 31 24 41 38 29 26 25 28 40 27 33 27 26 36 23 27 40 32 38 31 37 32 37 36 31 36 26 27 33 37 40 29 24 33 31 39 25 25 40 32 31 27 30 30 37 27 29 37 28 39 32 26 40 30 29 29 33 27 29 27 34
6 58 61 41 39 49 50 56 48 52 62 43 45 46 55 43 56 53 36 50 58 55 45 55 42 57 51 54 61 62 42 37 41 62 38 55 48 42 38 52 41 45 58 60 45 50 50 47 63 44 46 36 49 58 38 59 44 51 55 56 38 36 64 56 52 34 41 61 39 38 47 60 48 42 49 57 63 63 48 39 60 42 55 57 51 40 49 58 39 52 60 47 46 36 36 54 37 47 62 39 53
7 35 37 28 34 37 41 47 45 37 37 31 49 46 29 28 33 45 29 41 27 28 30 36 49 30 45 31 42 31 31 49 47 34 49 45 34 36 35 38 35 33 40 49 37 42 32 39 34 42 42 42 43 33 38 44 38 27 38 34 41 37 49 42 42 30 43 28 31 31 27 34 35 46 39 37 29 40 45 28 36 31 41 30 36 44 49 36 29 29 31 27 40 35 36 28 34 45 34 40 30
8 32 40 40 41 24 22 28 24 23 30 38 25 37 32 34 25 30 36 35 27 36 23 39 39 36 31 41 34 26 39 39 25 34 26 25 28 31 31 34 26 31 39 35 37 29 37 41 24 27 35 25 40 37 35 30 29 37 33 25 26 34 29 30 23 37 35 38 38 38 32 33 35 35 39 29 36 32 28 31 26 34 37 25 27 33 24 29 23 26 41 28 23 37 29 24 27 36 28 35 32
9 23 24 28 17 16 24 25 21 21 22 22 18 20 23 25 28 25 20 20 21 19 28 28 23 20 28 16 22 22 27 23 25 24 25 23 17 28 17 27 26 21 23 24 22 22 22 25 20 26 24 26 17 18 28 23 24 21 29 17 16 23 27 27 20 20 22 29 18 24 25 24 21 16 18 26 24 23 28 28 18 20 26 26 20 26 17 28 20 27 20 19 28 25 17 28 21 27 27 20 26
10 55 51 50 42 49 41 43 37 52 39 42 35 31 55 46 51 55 34 42 56 42 38 49 44 32 31 41 38 40 52 55 42 33 51 51 36 48 30 40 45 36 40 47 37 33 54 53 51 41 55 52 41 50 41 47 54 54 43 42 53 51 32 42 38 52 33 48 50 33 35 38 47 49 33 38 48 35 54 50 44 52 46 41 53 47 33 49 33 32 47 39 30 49 49 37 42 48 35 37 45
11 10 9 14 11 11 14 10 11 10 15 14 13 12 10 13 13 9 14 14 13 14 10 13 9 13 10 13 14 9 15 12 9 10 9 15 14 14 9 15 10 9 9 9 10 15 8 10 13 11 12 9 9 11 9 13 9 12 11 8 14 12 13 14 15 12 12 12 15 15 12 12 13 15 10 9 12 12 9 14 15 8 14 12 11 15 12 13 11 14 11 13 12 9 15 9 15 11 9 9 12
12 29 40 36 31 36 41 40 43 32 34 41 26 33 31 42 34 40 41 42 36 40 31 40 31 26 25 35 30 29 31 40 41 40 31 32 32 36 27 33 30 26 42 26 28 26 31 42 34 30 40 27 36 34 44 30 29 41 45 36 32 30 32 30 45 39 33 39 25 31 30 35 47 31 35 35 35 41 33 40 40 44 28 33 28 46 45 45 30 30 29 36 34 28 35 44 46 37 39 30 40
13 30 30 36 46 33 46 32 41 31 42 36 42 40 52 50 44 49 36 52 47 44 46 49 50 36 54 54 46 40 38 46 37 38 52 40 47 41 46 44 32 51 35 54 53 42 47 48 31 49 42 40 54 46 54 40 44 52 53 36 41 37 46 48 54 29 43 34 36 51 41 38 50 43 55 47 32 39 35 44 45 31 37 47 33 35 32 52 51 33 44 51 54 32 49 40 33 31 38 29 35
14 30 33 38 50 34 36 38 43 40 40 32 38 41 43 39 42 40 45 46 44 43 31 53 43 44 40 44 46 44 41 51 35 45 37 48 51 46 48 33 41 48 35 42 53 47 40 34 34 53 52 37 41 48 51 42 40 36 30 40 52 40 30 46 48 53 44 39 31 44 42 51 41 51 50 48 34 37 45 36 51 40 36 36 30 46 32 29 38 41 50 38 46 42 38 32 36 36 31 44 53
15 34 39 27 24 33 36 35 34 33 40 27 29 36 35 29 40 24 24 39 23 33 37 30 42 30 26 36 30 30 24 28 40 29 31 24 24 30 31 41 31 32 33 37 25 27 37 31 28 36 26 32 27 37 40 27 39 27 23 23 33 27 35 31 29 27 29 29 41 23 27 31 34 32 41 38 29 35 37 38 40 41 25 28 30 27 30 29 26 30 24 29 33 37 33 28 29 29 24 39 40
16 13 21 15 18 17 21 15 20 18 13 12 19 17 19 20 12 16 15 12 20 19 18 13 19 18 19 16 16 20 21 12 16 12 12 17 21 17 19 13 12 20 17 18 18 20 16 14 14 18 15 14 17 13 16 13 18 13 12 18 18 11 16 14 15 15 14 18 13 16 16 18 13 13 16 20 16 13 16 18 14 19 15 14 14 15 14 17 18 14 18 19 13 17 18 19 17 19 20 18 20
17 49 33 38 42 47 34 48 30 29 48 32 48 41 51 34 45 45 42 44 49 35 47 29 35 38 34 31 37 42 36 36 36 37 38 41 31 49 31 41 50 40 47 34 52 30 30 50 38 46 33 48 50 40 43 49 41 38 46 50 38 29 50 38 41 40 47 50 47 51 49 38 50 35 33 29 34 48 41 49 50 34 42 46 52 34 47 40 49 50 38 46 43 31 47 41 44 45 38 29 38
18 35 21 25 35 24 33 25 32 35 20 20 23 26 29 32 30 21 26 28 27 31 26 23 30 22 28 26 27 22 25 26 29 25 25 29 29 28 33 26 36 28 26 20 35 32 32 31 24 31 26 32 24 26 22 22 31 36 26 34 29 28 35 26 24 27 28 32 25 34 26 24 35 21 26 34 29 26 25 31 31 23 22 29 23 29 26 22 28 34 36 30 21 22 25 27 27 32 36 35 34
19 14 13 16 13 10 11 14 10 14 17 12 11 12 11 14 12 12 11 10 16 9 13 14 12 11 12 13 13 11 15 15 14 16 14 14 16 10 11 9 10 16 16 11 15 14 14 12 16 10 13 11 15 13 16 13 12 12 14 14 10 15 13 10 10 16 14 16 13 13 11 10 10 14 10 11 15 10 11 10 10 10 10 14 14 14 14 12 16 14 11 16 11 15 11 16 11 17 13 10 16
20 53 40 48 57 43 54 42 54 46 32 48 55 57 56 35 40 35 45 41 47 45 51 33 58 34 36 54 38 40 44 43 36 50 52 58 43 50 57 38 60 59 50 41 38 46 58 43 56 48 34 36 47 43 36 35 44 40 39 34 44 37 35 55 36 37 58 37 40 44 40 45 54 45 46 37 32 49 43 49 54 53 46 44 52 58 44 55 40 48 43 48 48 57 60 58 54 35 56 48 59
21 45 36 36 42 58 46 35 50 41 56 40 52 45 41 39 41 54 51 46 53 35 57 59 43 48 33 44 52 35 53 35 60 49 44 51 43 47 59 39 33 52 46 50 53 41 58 59 60 59 53 42 49 55 46 60 48 38 54 34 60 37 43 41 44 45 58 44 35 38 56 50 35 53 37 44 37 42 40 41 41 55 37 51 60 60 57 41 61 43 59 48 48 45 44 53 56 59 36 49 35
22 32 33 45 28 26 27 33 41 29 27 44 32 46 29 44 27 30 27 41 28 42 38 39 29 30 45 45 27 45 30 47 45 31 48 33 34 40 48 29 33 33 33 34 43 36 47 34 46 44 45 26 42 33 34 31 34 42 48 42 38 43 38 35 46 41 29 32 37 34 45 47 37 46 43 39 31 43 43 31 28 37 33 48 34 48 42 31 42 38 43 38 32 38 42 47 37 31 48 43 45
23 24 23 22 20 23 25 29 27 25 21 24 20 26 21 20 28 27 28 27 21 25 24 25 31 19 29 26 24 23 31 31 21 21 31 28 30 32 19 22 32 32 24 21 27 32 29 23 27 28 31 21 24 24 19 32 26 32 25 30 21 29 23 32 19 26 30 32 20 26 20 29 23 19 32 20 28 26 27 24 32 23 27 23 29 19 26 23 18 30 19 25 26 20 30 29 30 32 28 18 22
24 21 15 20 14 19 21 18 19 16 15 21 16 20 21 15 18 14 14 15 15 15 13 16 14 17 22 20 23 18 16 13 22 16 15 19 14 19 21 18 16 21 16 21 20 18 17 16 21 19 14 23 21 16 17 22 20 21 15 19 20 18 20 19 17 13 14 19 19 17 18 21 23 19 21 19 17 22 13 20 15 18 15 16 19 22 17 14 15 18 17 20 18 17 13 22 23 15 21 19 14
25 46 40 31 39 46 26 40 32 32 36 30 37 45 36 31 48 43 39 39 45 46 35 39 35 47 29 45 44 34 36 27 38 45 43 37 34 36 29 34 43 34 33 44 41 27 43 42 34 41 48 38 47 26 43 39 48 44 47 47 35 42 38 45 45 27 38 27 33 31 38 34 32 27 27 39 37 47 42 32 34 42 44 33 41 40 29 44 43 32 46 26 29 42 47 39 32 37 39 29 38
26 44 38 48 31 48 42 45 39 47 40 41 44 33 44 49 44 33 37 28 42 46 49 28 50 42 50 43 30 48 45 32 37 31 33 38 48 31 49 38 47 43 44 30 37 38 28 43 42 39 41 37 34 40 49 40 44 43 30 27 45 39 34 39 38 40 38 32 47 46 35 40 43 50 44 45 45 34 42 43 46 43 39 44 29 41 50 40 32 31 46 43 48 42 35 35 50 49 45 49 43
27 63 42 36 47 35 39 58 59 61 41 54 58 38 43 58 62 46 41 38 35 49 54 63 41 61 47 35 45 35 44 50 52 58 47 42 50 62 60 35 34 60 56 61 62 48 55 36 49 48 47 43 56 50 61 43 57 58 39 36 37 45 37 59 47 49 62 40 55 54 47 54 46 42 46 34 62 50 52 47 38 38 49 50 42 54 41 48 48 63 60 39 51 55 36 47 38 60 59 49 48
28 15 17 13 12 17 11 12 11 10 16 12 15 15 12 13 12 16 14 15 14 15 9 14 13 15 10 12 11 16 10 14 16 10 14 14 10 12 11 15 13 13 17 11 16 12 15 12 10 10 17 14 15 13 15 13 9 16 14 16 12 14 15 10 10 17 17 10 12 13 12 11 16 14 16 14 10 15 15 16 14 16 12 10 9 11 13 12 13 17 16 16 9 14 16 12 10 13 9 13 14
29 30 27 26 32 21 31 27 27 20 26 25 30 31 33 28 28 33 32 19 24 33 34 25 23 30 25 29 32 23 20 29 27 25 22 21 30 29 26 24 25 24 27 21 24 29 19 24 21 33 21 23 23 26 21 25 30 30 28 28 23 24 32 29 24 25 26 31 22 30 30 24 22 22 22 26 27 20 28 20 25 25 33 25 25 31 27 27 18 29 27 25 31 24 32 29 25 21 26 27 21
30 18 15 18 13 15 20 19 14 20 18 17 14 15 23 14 17 17 21 22 16 22 21 17 19 23 20 22 22 19 21 22 16 17 14 23 20 19 17 13 22 22 18 19 15 22 16 14 17 22 19 15 19 23 14 20 17 17 17 18 18 18 15 15 17 20 21 15 20 23 23 21 17 22 21 13 21 20 14 15 17 21 17 14 13 21 21 13 20 19 22 14 20 21 22 19 18 23 22 19 21
31 14 17 18 21 19 19 12 18 12 20 13 22 17 19 19 18 20 13 12 15 14 20 20 16 20 22 22 17 15 17 16 19 17 14 12 15 19 20 16 21 17 16 13 14 16 12 20 17 21 14 20 16 21 13 20 15 15 14 22 12 16 17 14 14 15 19 20 22 15 17 12 21 19 15 14 12 16 14 12 17 20 14 17 14 17 19 22 12 14 20 15 19 15 13 16 19 21 22 14 20
32 29 28 39 37 41 32 24 28 32 33 29 33 36 25 35 24 37 23 36 32 33 32 41 37 23 27 40 31 40 31 40 24 23 29 36 33 25 33 35 29 25 33 41 24 42 41 28 28 39 24 40 24 29 33 41 39 30 28 31 23 37 41 35 38 26 27 24 42 28 34 28 33 34 27 37 41 36 30 36 37 31 41 38 41 36 26 33 31 33 31 40 40 32 40 41 29 40 37 34 35
33 39 37 37 36 37 21 37 33 22 27 31 22 28 27 27 33 36 37 26 31 24 31 22 24 32 24 24 34 34 27 21 25 31 22 24 24 26 30 23 34 35 36 35 34 30 25 23 32 21 27 29 33 32 21 33 25 36 28 28 22 22 27 35 31 35 35 28 21 24 32 32 35 30 28 27 32 21 26 34 37 28 28 23 25 24 36 33 26 31 30 22 38 21 26 37 38 37 31 21 38
34 20 21 28 20 33 31 25 30 32 29 29 32 22 20 22 22 24 25 24 32 22 32 25 24 29 25 32 30 32 21 26 26 24 19 29 21 27 33 21 32 21 26 20 32 25 28 20 19 25 30 21 24 24 33 26 31 23 22 30 25 27 35 30 22 33 28 27 31 22 32 21 34 31 24 22 23 33 34 20 29 33 27 24 22 31 33 19 23 20 32 25 23 24 24 26 27 29 24 23 32
35 51 59 54 55 42 60 36 59 61 44 36 36 52 48 43 57 53 38 60 47 46 60 38 39 43 52 38 41 37 55 55 43 52 55 47 45 42 48 42 46 45 35 54 46 44 33 36 55 55 57 49 46 47 43 47 53 45 38 46 34 53 36 36 61 58 56 36 49 41 46 59 45 33 60 43 54 59 52 52 56 48 42 44 53 34 48 47 53 44 54 35 57 36 40 42 44 45 60 37 56
36 44 37 41 42 52 50 53 54 32 39 40 43 37 35 50 43 36 42 52 32 37 44 45 45 42 33 32 35 53 31 49 36 42 32 48 54 30 55 48 32 35 32 51 54 39 37 34 48 42 31 44 53 38 52 50 52 40 43 42 36 44 49 51 38 55 40 31 49 42 55 49 40 37 37 41 48 32 46 40 46 31 49 33 46 51 37 51 49 38 31 40 38 52 49 34 40 32 40 41 36
37 40 50 45 61 41 43 60 51 50 57 51 37 61 56 35 57 61 49 43 40 35 57 49 48 37 57 58 47 37 39 48 58 56 56 59 56 55 51 38 51 46 35 44 52 49 38 59 54 62 36 52 37 51 49 35 60 41 57 55 56 60 36 35 43 59 44 45 62 38 47 45 53 35 38 52 42 49 48 56 62 39 44 51 54 37 40 39 38 34 45 56 41 48 62 56 41 58 45 51 37
38 28 37 24 43 24 40 37 28 44 41 24 34 25 24 41 40 26 24 36 26 39 39 37 40 36 31 36 25 39 41 39 29 43 37 28 32 42 27 31 32 28 44 31 32 34 39 39 33 40 42 40 28 38 25 43 31 26 31 41 34 34 40 25 33 37 42 39 26 30 33 40 37 36 43 32 32 42 34 26 33 38 41 38 32 37 33 35 41 42 28 31 32 40 38 38 41 26 36 33 26
39 11 12 13 7 12 11 13 9 10 7 10 12 8 13 9 12 11 9 8 9 10 12 8 8 10 10 10 11 10 8 11 9 12 12 13 12 11 13 12 9 7 11 8 10 7 9 8 11 12 8 12 11 13 13 8 10 13 10 12 11 10 9 11 9 9 11 10 9 12 9 10 7 9 13 13 7 10 11 8 8 9 11 12 8 8 10 11 10 8 12 11 9 9 12 9 13 12 11 11 11
40 32 38 45 38 48 47 42 29 45 45 30 35 32 35 40 42 43 34 34 34 42 30 30 29 39 45 41 36 46 39 29 43 46 40 37 33 45 27 45 31 36 45 34 30 28 43 48 33 42 44 45 41 36 34 37 43 34 40 29 36 28 34 33 43 39 33 30 28 36 40 27 40 27 36 39 38 35 28 33 46 27 44 28 28 33 46 46 47 43 28 29 34 30 36 45 43 46 47 43 37;
param maxIb: 1 :=
1 5.980000e+01
2 6.110000e+01
3 39
4 4.030000e+01
5 4.160000e+01
6 6.370000e+01
7 4.940000e+01
8 4.160000e+01
9 2.860000e+01
10 5.590000e+01
11 1.560000e+01
12 4.680000e+01
13 5.460000e+01
14 5.330000e+01
15 4.160000e+01
16 2.080000e+01
17 52
18 3.640000e+01
19 1.690000e+01
20 5.980000e+01
21 6.110000e+01
22 4.810000e+01
23 3.250000e+01
24 2.340000e+01
25 4.810000e+01
26 5.070000e+01
27 6.370000e+01
28 1.690000e+01
29 3.380000e+01
30 2.340000e+01
31 2.210000e+01
32 4.160000e+01
33 39
34 3.510000e+01
35 6.110000e+01
36 5.590000e+01
37 6.240000e+01
38 4.420000e+01
39 13
40 4.810000e+01;
param tempoe=0.000752;
