param nvertices=10; #numero de vertices
param ndemandas=40; #numero de demandas
param capacidadeij: 1 2 3 4 5 6 7 8 9 10 :=
 1 100 100 100 100 100 100 100 100 100 100
2 100 100 100 100 100 100 100 100 100 100
3 100 100 100 100 100 100 100 100 100 100
4 100 100 100 100 100 100 100 100 100 100
5 100 100 100 100 100 100 100 100 100 100
6 100 100 100 100 100 100 100 100 100 100
7 100 100 100 100 100 100 100 100 100 100
8 100 100 100 100 100 100 100 100 100 100
9 100 100 100 100 100 100 100 100 100 100
10 100 100 100 100 100 100 100 100 100 100; #Capacidade de banda de comunicacao de cada arco
param Adj: 1 2 3 4 5 6 7 8 9 10 := 
1 0 0 0 0 0 1 0 0 1 1
2 0 0 1 0 1 0 0 0 0 1
3 0 1 0 1 1 0 0 1 0 0
4 0 0 1 0 0 0 1 1 0 0
5 0 1 1 0 0 0 0 0 0 1
6 1 0 0 0 0 0 0 0 0 1
7 0 0 0 1 0 0 0 1 1 0
8 0 0 1 1 0 0 1 0 0 0
9 1 0 0 0 0 0 1 0 0 1
10 1 1 0 0 1 1 0 0 1 0;  #Matriz de adjacencia da topologia
param I: 1 2 3 :=
1 4.000000 6.000000 17.000000
2 4.000000 6.000000 13.000000
3 9.000000 10.000000 14.000000
4 2.000000 7.000000 17.000000
5 2.000000 3.000000 19.000000
6 1.000000 6.000000 17.000000
7 3.000000 2.000000 14.000000
8 4.000000 7.000000 19.000000
9 9.000000 5.000000 18.000000
10 8.000000 4.000000 13.000000
11 9.000000 7.000000 11.000000
12 4.000000 8.000000 15.000000
13 7.000000 2.000000 12.000000
14 1.000000 6.000000 13.000000
15 2.000000 5.000000 17.000000
16 3.000000 9.000000 10.000000
17 7.000000 9.000000 11.000000
18 7.000000 3.000000 10.000000
19 9.000000 1.000000 15.000000
20 4.000000 8.000000 10.000000
21 10.000000 1.000000 10.000000
22 4.000000 10.000000 19.000000
23 9.000000 2.000000 19.000000
24 9.000000 7.000000 19.000000
25 2.000000 9.000000 11.000000
26 8.000000 3.000000 16.000000
27 2.000000 6.000000 18.000000
28 7.000000 3.000000 18.000000
29 10.000000 4.000000 13.000000
30 3.000000 10.000000 10.000000
31 10.000000 9.000000 15.000000
32 1.000000 9.000000 11.000000
33 6.000000 9.000000 15.000000
34 7.000000 8.000000 13.000000
35 10.000000 1.000000 19.000000
36 5.000000 9.000000 19.000000
37 2.000000 7.000000 10.000000
38 10.000000 5.000000 14.000000
39 4.000000 5.000000 19.000000
40 2.000000 3.000000 19.000000;
param Ib: 1 2 3 4 5 6 7 8 9 10 11 12 13 14 15 16 17 18 19 20 21 22 23 24 25 26 27 28 29 30 31 32 33 34 35 36 37 38 39 40 41 42 43 44 45 46 47 48 49 50 51 52 53 54 55 56 57 58 59 60 61 62 63 64 65 66 67 68 69 70 71 72 73 74 75 76 77 78 79 80 81 82 83 84 85 86 87 88 89 90 91 92 93 94 95 96 97 98 99 100 :=
1 16 18 23 16 30 32 23 37 15 15 39 20 19 16 22 23 36 24 32 33 28 20 28 36 18 18 27 28 22 37 34 30 26 14 16 25 16 28 19 18 35 17 24 34 23 14 28 32 24 29 15 31 23 22 18 26 23 31 22 29 16 32 23 34 26 23 24 14 24 39 15 35 24 22 26 23 35 31 31 19 33 21 37 31 32 15 19 33 16 35 20 28 24 13 18 30 22 37 30 25
2 15 27 22 16 24 16 39 29 22 31 20 17 37 29 29 27 26 38 23 37 33 39 38 38 32 34 35 16 16 39 38 19 16 14 30 36 36 30 30 16 23 26 21 36 14 19 24 37 25 33 39 37 24 32 29 32 30 16 32 38 18 32 31 18 34 32 23 20 25 32 40 34 40 33 32 40 30 24 16 20 28 23 33 24 22 15 27 26 16 38 19 18 38 36 26 17 23 14 22 23
3 38 27 40 30 23 34 29 34 28 25 24 21 16 35 16 18 32 38 29 32 39 14 40 30 15 28 36 39 16 28 34 28 18 23 24 17 36 33 19 17 40 38 29 36 21 24 36 16 15 24 17 18 32 24 14 23 29 24 18 15 17 24 21 31 17 34 19 39 40 21 16 23 29 18 24 35 24 36 35 26 18 34 40 28 23 37 32 38 35 28 26 40 14 17 18 33 17 26 16 23
4 9 9 12 12 6 10 9 14 7 5 14 10 8 10 15 5 9 7 12 13 13 6 13 10 11 10 15 6 12 13 11 5 13 10 10 11 8 7 11 15 14 12 12 11 7 7 8 14 11 6 14 8 13 12 8 8 15 9 11 12 9 7 6 10 6 15 10 7 12 14 12 13 7 6 10 14 9 10 15 11 5 6 11 12 7 12 10 14 14 9 13 11 7 8 9 10 5 13 14 10
5 24 26 18 24 17 15 12 15 14 27 16 14 28 15 29 13 27 20 20 30 16 23 14 21 19 20 14 25 13 22 26 13 20 29 30 20 31 17 16 12 13 15 26 29 23 24 14 15 14 31 15 30 31 16 12 29 29 28 28 16 29 30 13 20 12 26 23 18 24 14 12 23 19 24 30 15 14 23 25 24 28 23 16 18 23 22 21 30 20 22 21 24 15 12 16 28 26 30 16 26
6 11 14 24 12 8 17 24 11 12 22 10 17 13 14 19 18 22 23 23 18 17 9 11 11 20 11 23 23 19 17 21 15 21 15 17 14 11 12 20 20 16 21 22 20 9 10 22 17 15 24 19 17 18 21 9 19 9 12 24 17 15 15 17 14 8 14 9 12 15 17 13 17 15 13 9 12 15 24 20 9 12 14 12 10 12 14 19 8 16 17 15 20 19 23 17 21 23 24 22 24
7 54 30 24 47 59 33 39 56 36 59 40 39 31 50 42 28 57 38 51 55 48 30 34 57 44 43 21 43 38 30 55 50 56 40 58 46 42 25 32 41 22 41 54 50 23 38 27 60 43 47 44 54 40 48 39 58 25 27 54 32 28 45 43 24 23 60 25 53 53 33 23 26 44 49 31 35 52 57 25 59 34 50 31 60 60 39 23 55 39 61 36 21 44 41 51 41 58 53 44 35
8 6 12 10 6 11 15 9 6 11 6 14 10 8 16 9 9 10 6 8 14 8 11 10 13 7 13 11 8 10 11 15 12 12 14 11 12 9 13 16 11 6 15 8 8 9 14 15 14 15 13 10 11 16 9 11 16 7 11 9 11 9 13 11 10 12 11 10 16 11 15 11 9 13 11 8 13 12 11 14 13 14 6 7 15 7 16 7 8 8 12 6 15 16 6 12 13 15 11 9 12
9 13 10 15 16 10 16 18 13 11 18 16 14 6 15 15 18 16 10 16 11 7 10 11 17 8 17 9 8 7 16 8 15 17 9 18 8 16 7 18 8 12 8 12 8 12 15 12 15 7 14 12 6 8 16 9 17 15 10 8 14 13 12 14 15 13 12 12 8 14 10 7 16 14 16 10 16 8 16 18 10 12 8 12 14 13 10 13 7 15 9 10 13 13 15 9 9 12 12 16 12
10 35 45 46 48 21 29 44 27 40 45 41 41 34 30 37 41 24 36 44 43 16 40 37 29 43 41 35 30 36 30 28 20 25 45 21 16 27 43 26 19 28 43 24 19 30 33 19 42 27 22 47 37 36 31 18 33 22 18 39 20 38 20 36 24 48 44 27 46 38 18 38 28 18 19 31 48 40 32 20 40 46 29 19 18 17 45 22 27 35 26 16 44 26 39 39 31 35 34 46 28
11 13 9 10 12 7 12 13 7 8 9 14 7 12 6 7 16 8 7 9 6 6 12 13 10 15 13 16 11 6 16 6 9 11 8 13 12 9 6 6 16 9 7 12 14 12 11 13 11 7 9 16 14 7 9 8 14 8 16 13 6 8 9 8 16 13 14 12 11 12 12 6 8 13 12 8 15 13 12 11 15 7 10 9 14 8 10 14 7 7 13 11 13 14 10 14 13 11 13 16 14
12 24 27 23 46 51 36 53 41 42 36 47 33 52 24 60 37 26 35 41 51 24 28 42 32 27 58 34 58 25 38 25 39 49 42 47 30 56 60 55 53 22 55 43 50 53 26 41 43 53 48 27 52 55 34 45 40 27 31 38 33 39 55 53 56 49 49 27 34 37 42 61 58 54 61 46 30 29 61 51 32 29 49 33 26 34 52 58 53 52 35 60 26 48 26 44 54 60 46 60 55
13 51 44 42 66 56 51 73 37 41 43 41 48 63 57 38 39 60 72 48 63 31 58 31 29 69 45 45 32 29 31 48 37 62 53 25 62 27 39 63 26 30 60 31 27 30 71 72 32 48 68 43 44 61 26 59 58 31 49 32 72 61 61 27 29 37 55 30 72 55 49 61 26 40 28 53 29 67 49 71 44 50 30 39 57 51 62 66 55 63 33 32 34 67 57 53 39 65 57 50 56
14 31 21 13 20 31 27 37 30 29 26 17 32 16 22 36 15 26 23 30 35 24 36 32 29 36 20 26 31 16 16 29 33 30 25 28 20 29 39 27 16 28 29 39 21 13 14 25 34 32 34 19 38 36 35 19 26 36 26 37 16 35 23 14 28 19 17 18 19 30 21 16 24 15 24 21 25 24 21 28 27 26 28 20 20 35 31 25 31 35 23 25 26 33 37 26 17 38 26 16 14
15 17 11 9 17 20 9 10 12 9 17 19 10 14 20 9 9 7 16 20 14 8 11 15 9 14 13 13 17 7 18 18 8 15 12 12 11 8 17 21 20 15 15 10 11 14 15 13 9 7 19 7 15 16 10 18 7 18 16 16 10 16 18 16 20 16 12 16 17 16 16 18 16 9 8 19 18 10 13 18 12 19 8 10 18 7 19 9 9 21 10 13 17 19 8 15 7 12 12 16 17
16 14 18 20 15 28 20 14 18 15 10 15 24 20 14 26 12 16 20 18 28 11 15 26 14 11 10 18 21 17 27 18 19 21 27 11 19 23 27 27 21 25 26 11 26 28 26 23 28 17 17 25 18 15 15 21 12 21 27 14 24 19 26 14 25 16 15 15 25 28 18 23 21 21 12 12 22 15 19 26 19 13 18 15 15 10 13 26 12 16 10 21 13 14 28 12 17 19 28 21 27
17 12 14 9 13 8 13 8 8 13 13 9 15 6 8 11 12 9 13 9 14 14 16 6 6 13 16 12 12 8 6 11 11 12 11 9 9 14 12 12 9 16 15 9 9 15 12 14 16 8 9 15 7 8 11 9 15 6 12 16 11 13 11 9 14 6 13 12 7 15 6 6 16 14 6 12 8 11 9 9 16 9 11 6 7 14 9 15 13 16 15 6 10 14 15 12 13 13 8 12 7
18 18 38 38 39 16 30 32 32 16 24 32 32 15 27 20 35 29 25 22 38 18 22 22 24 37 29 42 33 15 17 25 19 38 25 42 33 38 27 39 30 31 21 27 40 21 26 27 40 24 40 19 37 18 22 35 39 23 28 29 41 24 37 41 25 34 32 22 40 39 36 19 22 21 15 23 35 29 30 24 32 34 29 39 39 21 37 34 16 40 42 27 32 36 27 23 30 19 29 29 18
19 35 24 22 32 19 42 17 18 18 40 15 31 34 22 16 25 15 22 38 42 25 34 17 38 41 34 34 22 15 29 31 42 42 16 27 19 17 37 30 40 27 26 42 18 20 34 25 18 41 28 35 17 27 38 24 32 38 38 41 36 37 40 31 31 29 15 28 29 27 33 41 18 20 33 19 38 29 22 39 43 35 42 20 22 23 33 18 17 28 23 25 35 25 28 26 28 37 38 36 33
20 22 26 16 19 13 21 13 12 10 23 25 26 18 24 21 11 16 13 13 17 14 22 21 14 25 28 14 15 18 14 14 23 11 19 25 13 19 23 21 21 14 24 28 15 10 15 22 13 27 13 22 23 24 12 24 22 14 15 25 11 14 12 15 14 12 27 13 12 28 14 15 10 21 23 10 28 15 20 13 25 10 24 14 17 22 28 24 11 23 17 17 28 22 18 10 11 20 10 14 27
21 50 49 28 46 50 55 54 43 22 46 19 48 20 54 44 39 54 31 55 44 51 40 40 34 29 24 37 51 21 45 48 43 33 46 34 41 26 23 22 25 32 53 47 43 55 27 38 30 30 47 26 42 29 24 19 42 51 27 51 19 40 52 35 26 39 42 43 46 54 38 52 43 25 29 26 36 48 50 42 24 41 28 41 28 31 41 35 29 38 50 50 30 27 39 48 37 46 25 52 41
22 10 17 15 24 20 20 20 13 12 9 15 16 9 24 13 17 16 16 17 22 22 11 25 13 23 17 22 21 12 17 11 10 12 15 10 10 24 13 20 16 10 25 15 10 18 15 14 20 21 13 9 25 25 21 21 17 19 24 18 23 19 17 9 20 21 9 21 23 24 22 15 12 23 16 13 11 14 10 24 19 14 20 12 16 15 15 15 14 13 15 9 11 20 13 19 21 12 15 19 12
23 23 48 41 45 51 59 56 24 65 41 33 63 33 67 32 36 63 40 37 56 49 37 27 50 57 50 66 48 48 60 40 42 60 51 45 54 25 34 61 28 34 44 52 51 28 37 55 28 67 31 66 28 58 59 28 66 48 26 40 54 47 66 28 35 66 62 62 35 54 32 29 53 28 61 46 38 39 33 51 64 53 62 53 47 24 52 44 26 59 38 49 39 62 52 60 34 32 61 34 36
24 32 39 31 23 21 26 31 27 30 32 21 35 22 28 40 35 28 38 36 20 21 27 40 26 20 22 34 32 30 30 19 29 40 34 20 40 24 16 34 40 26 16 31 21 30 18 16 36 24 38 33 32 18 36 14 34 34 23 40 33 28 21 27 36 25 14 40 38 23 24 18 34 16 39 19 38 20 33 35 19 32 30 23 20 25 31 15 35 29 33 16 26 26 27 26 18 35 36 21 30
25 29 56 40 65 34 45 60 36 50 56 41 34 23 47 42 60 53 62 57 41 43 41 52 28 48 55 63 29 38 64 46 51 37 43 46 55 39 40 33 65 29 51 27 63 29 55 42 43 64 48 54 66 40 61 60 42 37 45 44 43 63 39 61 27 60 30 29 38 60 45 50 49 64 43 27 53 50 46 45 63 27 56 52 54 27 37 56 44 52 54 65 61 26 25 49 44 25 28 45 50
26 32 49 62 25 52 46 32 52 58 50 55 46 38 24 50 43 55 64 28 61 55 25 30 58 30 48 27 22 45 40 37 37 40 49 63 56 61 48 28 37 58 44 27 59 64 39 55 57 57 57 46 24 37 27 44 45 55 35 51 54 29 22 56 27 63 39 59 46 31 64 59 34 61 35 63 26 40 56 35 63 48 62 41 41 50 44 53 61 30 33 34 22 52 62 48 52 30 23 56 44
27 53 63 42 28 55 34 23 32 31 38 65 62 38 58 47 60 42 36 36 39 66 27 29 32 27 48 49 27 28 28 49 27 39 30 31 37 50 44 31 58 49 47 52 29 35 50 34 52 31 25 56 60 64 55 43 63 48 38 40 32 49 24 39 35 61 43 60 65 51 25 45 42 50 26 34 29 54 51 59 24 63 33 60 29 26 38 65 26 25 62 47 22 23 52 27 25 52 22 62 46
28 36 54 26 50 38 59 47 56 41 30 38 66 24 35 53 63 40 66 46 27 31 66 26 43 34 42 57 29 46 67 57 41 42 62 38 67 23 26 41 54 28 61 43 56 61 29 63 45 44 45 40 52 36 34 40 55 65 56 25 26 64 56 42 50 38 38 36 23 28 26 60 33 54 60 28 31 62 42 27 30 38 44 49 26 64 43 61 61 29 35 23 43 49 49 55 57 59 58 29 50
29 57 52 59 35 55 63 67 39 57 45 33 30 47 45 58 66 49 63 27 37 56 52 38 59 38 44 25 39 57 33 49 67 37 63 57 29 52 39 50 50 26 48 54 27 46 66 33 27 48 53 35 64 62 54 57 67 54 36 41 26 41 34 36 37 43 29 47 24 61 52 23 29 63 52 39 57 53 27 35 39 53 23 51 55 29 50 34 53 58 50 41 47 54 56 45 38 54 33 55 63
30 18 15 20 19 29 29 24 27 26 18 21 19 24 24 27 26 16 26 11 26 30 21 26 16 19 27 19 18 26 12 13 12 20 15 23 20 24 12 17 15 29 29 13 16 24 12 21 29 28 19 17 16 18 13 13 25 14 29 21 25 19 24 18 16 30 30 25 14 28 14 13 23 12 27 19 29 11 13 26 14 17 17 16 16 25 11 16 24 21 22 30 25 18 12 21 28 30 30 11 19
31 15 17 18 14 12 16 9 18 12 11 16 12 10 9 7 8 10 12 18 7 10 16 9 13 16 14 10 9 15 7 9 16 14 16 8 10 12 13 7 18 13 9 12 9 17 7 8 15 12 17 14 10 12 11 9 8 12 13 14 18 8 12 14 9 11 12 17 8 8 18 15 14 18 12 11 16 14 16 11 10 8 17 14 9 9 12 9 15 16 16 17 12 14 17 11 16 17 9 7 17
32 43 35 15 21 16 28 40 22 28 16 18 18 41 28 35 17 25 18 32 35 15 41 33 19 28 21 25 28 34 30 40 43 17 34 26 39 34 27 32 32 33 23 37 15 29 22 20 25 17 17 23 36 15 37 24 15 23 29 36 36 40 22 30 30 25 32 36 35 42 21 33 25 34 29 23 38 42 29 36 15 20 23 19 24 21 31 26 40 20 41 28 32 21 24 18 21 23 21 25 16
33 44 38 29 17 40 40 41 22 26 35 16 15 23 29 28 19 22 41 17 15 29 25 43 29 37 37 17 35 36 25 34 24 26 18 42 27 34 35 15 23 41 31 37 32 36 22 22 29 26 20 37 31 32 21 31 36 44 31 38 40 38 27 22 34 28 19 30 34 29 42 21 41 19 30 26 44 28 24 28 43 17 44 18 22 40 43 30 33 17 17 29 25 40 22 32 44 35 39 39 39
34 40 27 53 61 69 37 29 53 64 49 42 73 31 35 64 45 59 63 51 30 33 72 31 34 68 42 31 41 53 64 47 52 66 35 47 39 59 31 32 32 62 60 29 47 41 71 68 60 37 35 34 33 36 61 71 34 28 28 73 61 50 50 54 66 57 49 56 56 52 52 61 65 48 57 28 51 45 63 43 32 44 33 27 69 51 60 69 63 64 27 31 56 30 71 53 46 59 27 41 35
35 44 35 31 23 28 32 40 38 38 45 22 41 21 30 37 24 18 45 27 36 32 22 34 21 31 26 32 21 25 25 36 23 42 38 20 42 40 36 29 41 24 25 22 22 43 21 23 37 33 17 37 24 35 17 28 31 42 25 20 32 18 22 16 30 40 34 42 33 33 16 22 22 38 16 33 16 36 39 27 29 18 27 23 36 32 41 16 20 39 21 16 24 25 18 16 39 17 33 44 23
36 50 34 44 51 29 23 26 33 37 39 52 25 27 32 56 59 39 32 48 32 41 36 44 43 61 38 54 63 30 27 27 30 45 25 59 48 61 50 36 50 47 34 54 21 56 35 33 38 39 44 32 46 58 31 27 27 50 52 28 43 55 42 34 39 59 45 29 29 29 59 46 25 61 29 38 43 21 40 48 26 56 34 45 57 21 62 55 48 59 25 62 32 44 29 37 26 33 24 55 50
37 15 13 11 11 14 15 16 16 13 16 15 13 11 6 13 16 16 9 13 16 6 14 6 9 7 14 7 14 8 13 12 10 9 12 6 12 13 8 11 9 10 9 6 10 10 15 12 8 10 16 11 11 13 8 9 11 7 16 6 14 6 16 10 10 8 7 13 12 15 12 6 11 13 8 9 14 6 13 12 8 8 6 8 14 7 7 10 8 11 10 14 15 7 8 7 9 6 7 10 14
38 59 54 57 32 58 63 65 46 54 64 60 51 45 49 69 64 29 38 30 67 30 51 26 56 37 50 47 54 73 42 29 42 67 47 31 67 42 67 46 43 60 43 49 54 53 43 70 59 27 48 73 52 64 54 26 38 59 29 44 53 68 29 42 35 43 25 30 68 27 35 67 66 31 31 32 60 60 70 52 39 58 69 48 70 30 34 73 68 33 64 49 32 34 54 57 41 70 64 65 56
39 17 16 25 37 23 16 23 26 29 36 15 15 18 35 16 28 27 31 35 31 17 15 28 27 31 21 21 20 37 15 23 19 14 28 29 36 22 28 15 35 19 18 19 21 26 28 15 14 26 16 29 21 34 35 22 27 33 31 32 15 27 34 31 15 27 38 33 29 32 30 36 39 16 19 25 38 31 29 37 39 29 39 32 32 15 33 35 36 20 24 24 37 19 20 39 15 25 30 26 39
40 25 22 26 39 36 36 18 33 19 36 28 18 29 52 43 35 36 25 29 30 27 43 36 19 29 51 25 47 50 32 25 39 19 45 42 24 32 24 32 42 46 47 47 42 47 42 46 18 39 33 25 46 25 24 39 37 31 33 33 20 24 48 25 36 18 36 28 39 41 43 21 43 45 23 38 21 42 27 32 39 19 51 33 18 26 38 43 47 20 20 44 25 47 32 19 51 25 45 48 41;
param maxIb: 1 :=
1 39
2 4.050000e+01
3 4.050000e+01
4 15
5 3.150000e+01
6 24
7 6.150000e+01
8 1.650000e+01
9 18
10 48
11 1.650000e+01
12 6.150000e+01
13 7.350000e+01
14 39
15 21
16 2.850000e+01
17 1.650000e+01
18 42
19 4.350000e+01
20 2.850000e+01
21 5.550000e+01
22 2.550000e+01
23 6.750000e+01
24 4.050000e+01
25 66
26 6.450000e+01
27 66
28 6.750000e+01
29 6.750000e+01
30 30
31 18
32 4.350000e+01
33 45
34 7.350000e+01
35 45
36 63
37 1.650000e+01
38 7.350000e+01
39 4.050000e+01
40 5.250000e+01;
param tempoe=0.000391;
