param nvertices=10; #numero de vertices
param ndemandas=40; #numero de demandas
param capacidadeij: 1 2 3 4 5 6 7 8 9 10 :=
 1 100 100 100 100 100 100 100 100 100 100
2 100 100 100 100 100 100 100 100 100 100
3 100 100 100 100 100 100 100 100 100 100
4 100 100 100 100 100 100 100 100 100 100
5 100 100 100 100 100 100 100 100 100 100
6 100 100 100 100 100 100 100 100 100 100
7 100 100 100 100 100 100 100 100 100 100
8 100 100 100 100 100 100 100 100 100 100
9 100 100 100 100 100 100 100 100 100 100
10 100 100 100 100 100 100 100 100 100 100; #Capacidade de banda de comunicacao de cada arco
param Adj: 1 2 3 4 5 6 7 8 9 10 := 
1 0 0 0 0 0 1 0 0 1 1
2 0 0 1 0 1 0 0 0 0 1
3 0 1 0 1 1 0 0 1 0 0
4 0 0 1 0 0 0 1 1 0 0
5 0 1 1 0 0 0 0 0 0 1
6 1 0 0 0 0 0 0 0 0 1
7 0 0 0 1 0 0 0 1 1 0
8 0 0 1 1 0 0 1 0 0 0
9 1 0 0 0 0 0 1 0 0 1
10 1 1 0 0 1 1 0 0 1 0;  #Matriz de adjacencia da topologia
param I: 1 2 3 :=
1 9.000000 4.000000 13.000000
2 9.000000 4.000000 18.000000
3 2.000000 6.000000 13.000000
4 9.000000 1.000000 14.000000
5 8.000000 9.000000 14.000000
6 5.000000 9.000000 12.000000
7 2.000000 7.000000 17.000000
8 9.000000 3.000000 14.000000
9 9.000000 10.000000 13.000000
10 9.000000 2.000000 19.000000
11 8.000000 5.000000 17.000000
12 3.000000 6.000000 14.000000
13 7.000000 9.000000 17.000000
14 6.000000 3.000000 11.000000
15 1.000000 3.000000 11.000000
16 3.000000 2.000000 13.000000
17 8.000000 4.000000 13.000000
18 6.000000 10.000000 10.000000
19 6.000000 7.000000 18.000000
20 8.000000 10.000000 16.000000
21 8.000000 2.000000 18.000000
22 2.000000 8.000000 17.000000
23 4.000000 3.000000 17.000000
24 6.000000 5.000000 17.000000
25 2.000000 3.000000 17.000000
26 7.000000 10.000000 18.000000
27 9.000000 8.000000 19.000000
28 5.000000 9.000000 15.000000
29 10.000000 5.000000 14.000000
30 1.000000 3.000000 14.000000
31 10.000000 1.000000 14.000000
32 1.000000 8.000000 10.000000
33 10.000000 1.000000 15.000000
34 2.000000 6.000000 14.000000
35 3.000000 10.000000 15.000000
36 8.000000 5.000000 16.000000
37 1.000000 7.000000 15.000000
38 8.000000 6.000000 19.000000
39 3.000000 5.000000 16.000000
40 10.000000 1.000000 16.000000;
param Ib: 1 2 3 4 5 6 7 8 9 10 11 12 13 14 15 16 17 18 19 20 21 22 23 24 25 26 27 28 29 30 31 32 33 34 35 36 37 38 39 40 41 42 43 44 45 46 47 48 49 50 51 52 53 54 55 56 57 58 59 60 61 62 63 64 65 66 67 68 69 70 71 72 73 74 75 76 77 78 79 80 81 82 83 84 85 86 87 88 89 90 91 92 93 94 95 96 97 98 99 100 :=
1 13 9 13 12 11 8 8 8 10 12 11 13 10 9 12 14 13 13 12 9 11 11 14 8 10 12 13 10 8 9 10 10 14 13 9 11 14 8 9 9 11 12 12 14 10 10 14 9 13 8 11 10 13 12 10 9 9 13 13 13 12 12 12 12 11 10 10 8 9 10 12 10 9 14 13 13 10 13 8 13 10 9 13 10 9 11 13 10 10 8 11 10 13 14 12 13 9 8 11 12
2 23 25 27 27 28 26 21 24 19 20 26 20 27 22 20 18 21 22 25 27 27 28 19 16 24 25 22 28 16 19 18 17 22 28 26 24 29 28 20 21 16 16 17 24 24 24 28 24 26 23 26 26 23 21 24 20 23 20 23 25 25 24 25 22 23 26 24 20 20 25 16 18 18 26 23 17 17 23 22 24 20 24 27 20 24 17 26 24 17 19 19 16 28 23 26 27 24 18 16 24
3 29 35 26 32 25 23 26 28 31 36 25 26 32 32 24 28 31 38 35 39 32 28 29 33 40 36 34 29 26 31 43 27 37 23 27 36 39 29 42 34 30 27 38 24 39 29 25 29 39 42 32 27 26 35 42 25 35 28 32 40 40 38 41 29 40 27 25 38 23 33 40 32 33 27 28 40 26 25 26 32 29 25 38 27 35 31 28 34 30 33 35 40 32 34 26 43 34 30 41 36
4 50 59 40 52 43 58 56 49 43 45 39 48 60 42 53 52 39 57 59 35 42 48 37 62 47 34 57 37 49 40 52 60 37 47 48 59 37 39 58 50 49 34 42 55 49 56 47 37 40 62 59 51 42 36 37 54 43 37 55 52 50 53 57 61 58 55 39 52 57 55 37 49 49 35 55 62 45 60 60 35 52 54 57 56 48 44 34 50 36 50 37 60 48 59 44 36 44 47 43 46
5 12 12 14 13 14 8 13 9 11 14 12 13 12 14 12 14 12 14 10 9 13 13 11 8 8 9 14 8 13 13 10 10 10 9 12 10 10 11 12 13 13 12 13 12 10 13 10 14 11 10 12 10 12 13 14 12 14 8 8 10 9 14 13 8 12 10 13 13 12 8 10 11 9 9 9 11 10 14 8 8 13 10 10 8 14 9 10 9 9 11 9 11 9 12 9 11 10 9 10 13
6 42 33 39 41 34 30 40 35 30 39 32 34 29 24 28 25 35 25 26 33 31 33 30 32 29 36 32 30 42 31 40 29 25 26 34 26 38 36 39 42 39 37 35 36 40 40 28 28 31 31 35 32 43 24 29 25 27 41 28 24 32 32 36 39 26 29 25 24 31 34 24 39 40 24 42 24 32 23 31 39 37 26 40 25 36 28 35 38 33 36 42 38 40 38 31 25 31 33 28 40
7 10 14 12 12 10 11 14 13 12 16 17 15 16 9 12 11 10 14 11 17 14 14 11 14 11 10 9 14 11 11 16 13 16 17 10 10 13 13 16 13 14 16 14 14 15 12 11 10 11 17 16 13 14 10 11 15 16 14 17 14 15 13 16 15 14 10 10 11 13 14 16 16 11 10 12 15 12 10 16 12 14 10 10 9 10 13 13 15 16 15 11 15 9 17 11 16 14 15 13 17
8 11 10 11 16 12 16 17 15 13 17 10 15 18 12 15 16 17 11 15 13 13 13 15 11 11 14 16 13 14 15 13 10 13 11 17 17 14 15 16 14 15 16 15 10 11 16 17 15 12 15 11 11 14 11 12 12 15 13 18 14 12 15 10 14 12 11 18 15 17 14 11 16 12 15 14 18 13 17 11 18 10 17 10 12 14 11 11 16 14 12 13 12 18 12 16 11 17 11 18 18
9 23 24 19 15 17 17 18 20 23 23 23 19 20 20 15 17 20 15 20 18 23 24 19 21 19 15 24 24 15 15 17 23 18 14 17 14 20 15 17 22 18 16 24 20 24 24 21 24 25 22 21 22 22 22 14 19 23 21 15 19 14 13 21 23 15 17 23 21 24 17 21 19 14 20 20 16 25 21 16 24 16 23 22 18 18 24 20 19 18 18 20 14 24 15 16 15 18 20 24 14
10 35 30 33 31 50 30 29 41 28 42 33 33 41 34 42 42 45 28 40 34 33 40 51 45 45 46 51 41 45 37 47 49 46 45 33 50 47 45 48 36 50 43 30 37 35 33 41 43 29 48 35 33 36 46 44 38 33 29 44 46 43 34 35 34 46 44 51 44 49 48 49 33 31 38 32 35 35 32 40 28 37 29 29 47 29 35 51 38 41 47 46 41 50 33 42 37 44 49 38 38
11 12 9 10 12 8 13 11 10 12 13 12 8 12 10 14 14 10 11 14 12 10 12 9 12 14 12 13 14 10 13 14 10 10 13 10 11 8 8 9 12 11 10 13 11 13 8 11 12 11 13 9 14 12 9 14 11 11 13 10 9 10 9 9 8 11 10 9 12 12 12 14 9 10 9 9 14 10 10 8 11 13 10 9 14 13 8 8 11 13 12 9 12 13 11 14 9 8 13 12 10
12 45 37 36 37 42 32 37 46 36 26 29 45 27 40 28 39 29 28 45 30 38 43 29 44 39 44 37 26 36 27 38 28 42 30 25 28 40 30 35 41 41 44 34 46 41 38 42 35 45 32 33 29 32 26 46 28 28 40 33 35 33 36 37 43 26 41 29 31 30 41 34 39 35 41 27 43 32 28 26 29 35 34 40 41 40 32 42 35 44 34 37 39 32 44 33 31 37 40 27 38
13 29 26 47 43 46 47 48 46 35 36 33 46 32 34 40 39 29 36 39 27 44 43 38 39 34 43 42 33 36 46 38 42 28 41 38 28 32 44 28 36 33 46 38 47 35 37 39 27 45 45 47 45 29 43 36 46 34 37 48 31 47 31 40 45 42 43 39 45 32 29 32 29 34 42 37 30 33 47 44 36 27 47 30 35 39 43 47 31 45 33 39 43 39 39 32 29 35 32 36 34
14 38 39 34 36 41 49 53 45 49 56 49 41 45 38 54 48 52 50 40 50 42 43 51 37 46 46 42 40 46 41 43 32 33 52 43 31 43 45 48 34 36 36 35 44 51 39 51 50 31 50 49 55 35 41 35 50 52 43 53 39 34 45 39 56 38 33 44 33 52 42 44 33 42 52 35 34 40 51 32 54 42 33 34 34 31 38 44 46 37 34 37 34 48 54 46 35 53 52 32 45
15 18 15 22 25 22 25 16 27 27 15 23 20 26 20 15 18 19 24 23 17 23 25 23 25 16 20 26 24 16 15 23 26 27 24 23 25 24 24 27 15 15 26 16 20 23 23 15 22 27 21 21 27 20 19 23 17 15 24 25 26 23 21 27 24 19 27 27 20 20 26 24 17 17 27 22 16 27 21 22 22 26 22 16 19 19 27 15 19 24 19 15 26 26 18 27 21 18 23 21 26
16 25 27 21 20 26 23 26 25 17 25 28 19 24 24 21 23 27 21 27 22 25 26 23 22 25 27 18 27 22 27 17 22 18 24 24 24 20 17 20 19 28 27 28 23 27 26 24 16 20 20 27 19 27 24 19 20 28 23 28 24 22 18 22 24 20 20 17 27 21 21 23 25 26 25 28 16 26 27 26 17 21 26 16 27 18 17 17 16 17 24 27 23 20 25 28 24 18 28 18 18
17 51 62 61 53 52 61 46 35 56 55 43 41 45 43 43 44 45 46 35 47 58 36 57 57 59 59 59 41 48 40 55 48 52 40 62 58 53 45 58 53 62 41 37 36 49 43 61 57 35 48 43 43 35 42 47 35 39 49 50 36 52 58 59 38 54 48 57 52 43 54 37 50 40 56 50 37 54 62 54 56 57 38 51 38 55 37 54 54 47 38 54 49 40 34 57 47 42 47 44 60
18 34 46 37 51 37 47 54 53 32 32 49 34 43 41 56 48 48 48 31 54 44 50 43 45 42 35 54 56 55 50 55 54 47 32 33 55 34 35 42 36 50 37 52 39 45 52 54 35 30 45 30 46 39 44 48 55 55 46 54 55 33 53 43 41 33 34 38 40 34 34 40 33 31 45 31 39 47 30 49 35 45 55 39 46 35 54 45 49 56 34 53 46 36 47 39 39 51 41 43 33
19 30 22 34 34 27 25 25 25 30 21 26 35 34 32 22 31 23 34 25 21 27 35 33 35 31 20 20 34 19 24 23 30 26 35 28 27 25 29 31 32 34 30 34 23 23 27 21 35 20 27 25 31 34 30 19 34 27 26 31 23 26 30 26 19 33 35 29 25 27 28 21 34 30 33 27 29 26 31 30 27 22 21 24 27 23 23 34 34 34 32 23 23 20 32 29 25 30 24 20 33
20 27 29 34 26 28 34 34 28 23 35 24 32 32 24 36 36 24 33 21 21 26 31 28 27 30 23 21 32 36 22 31 32 27 36 38 27 35 29 24 36 25 26 33 32 30 33 29 37 37 38 23 31 22 36 22 21 35 27 26 36 28 27 29 28 33 23 33 30 32 37 30 37 23 34 36 34 29 28 35 22 35 27 33 36 24 23 24 34 28 30 29 25 36 35 21 38 27 33 23 22
21 42 52 44 38 54 54 45 56 52 57 59 43 53 35 53 53 36 38 54 51 58 42 37 38 41 32 50 58 44 36 57 56 54 49 51 58 49 48 44 52 43 37 44 41 41 49 38 37 37 50 53 38 47 44 59 38 53 44 39 35 37 40 42 58 47 56 42 57 42 35 36 52 40 33 48 32 55 43 35 37 34 33 59 38 53 36 49 35 52 55 38 42 47 48 56 33 54 35 38 42
22 25 41 26 31 35 41 39 28 43 30 34 36 44 41 26 41 32 36 29 31 30 28 41 39 40 34 28 32 29 38 25 29 42 35 38 37 27 28 32 32 38 28 41 28 28 30 33 29 37 40 25 30 27 44 45 25 29 26 43 31 33 35 36 33 37 28 30 38 44 45 44 39 38 26 40 32 30 37 35 36 45 30 27 34 37 40 37 30 39 30 31 39 30 39 42 35 35 35 45 45
23 51 35 38 34 33 46 31 43 34 35 50 49 50 40 38 43 37 29 47 51 39 44 30 33 40 51 32 33 49 35 31 48 33 38 48 34 30 50 33 49 36 35 35 43 37 45 29 31 49 35 41 46 51 38 45 47 31 35 29 32 52 50 52 33 51 52 31 51 48 36 38 52 53 29 47 48 51 48 42 49 48 35 32 50 53 51 32 45 45 40 33 32 38 43 33 41 44 36 40 53
24 24 18 21 23 19 20 16 23 15 13 15 14 16 17 19 15 14 19 17 18 21 24 21 18 21 20 18 24 13 14 24 17 23 23 18 24 18 17 23 17 24 18 23 17 24 13 17 20 21 22 14 23 21 18 24 21 17 15 20 15 24 19 16 15 19 14 16 20 15 19 17 21 18 18 15 19 17 15 15 13 21 21 19 17 20 19 18 15 22 17 22 14 14 17 13 22 23 14 14 15
25 41 40 34 48 39 36 49 39 45 29 45 49 42 29 34 40 42 31 43 44 50 44 48 40 37 46 46 52 32 51 37 32 40 35 36 44 48 32 42 47 32 40 35 42 36 43 49 37 35 49 32 41 43 44 36 28 41 44 48 36 51 33 40 43 44 35 41 42 31 44 46 39 39 49 48 38 47 37 29 37 47 32 38 29 45 32 34 35 41 39 49 30 41 37 29 36 32 47 41 29
26 9 13 7 9 10 12 11 11 10 10 12 10 12 12 8 12 9 7 8 9 10 9 11 10 12 7 10 12 10 12 11 12 10 11 8 11 11 12 13 11 11 8 11 11 10 11 8 10 7 10 13 8 8 9 9 8 10 9 10 11 8 13 12 12 12 13 9 12 10 8 11 11 9 7 7 10 7 13 13 9 8 11 12 8 13 12 12 7 11 8 12 13 13 9 10 8 13 7 9 12
27 12 19 21 20 17 17 13 14 17 15 21 14 19 15 13 19 13 13 19 12 13 19 13 18 14 22 14 16 14 16 16 20 20 15 12 20 17 20 12 18 18 18 13 15 20 18 15 19 17 17 18 13 13 14 15 19 17 21 13 13 15 14 16 14 19 13 18 22 18 16 14 16 15 14 15 19 17 19 12 16 22 12 15 20 17 20 19 22 20 16 19 21 13 19 12 22 19 19 20 17
28 35 43 55 42 54 35 49 43 59 38 51 54 59 47 49 51 38 58 42 54 39 40 35 52 36 45 45 54 53 55 52 60 34 33 48 57 34 35 40 41 52 38 42 48 49 42 59 60 54 32 49 43 57 58 33 32 59 47 57 55 56 53 59 48 47 56 35 46 37 34 35 42 54 60 41 55 59 59 41 48 40 44 43 55 52 38 42 41 51 46 47 59 44 34 35 41 47 52 59 44
29 15 14 15 14 13 14 12 15 14 12 12 11 17 10 12 15 15 14 16 16 10 15 14 11 10 10 15 18 12 10 11 14 14 15 17 10 17 18 11 13 18 13 17 11 15 10 17 14 16 15 16 14 18 12 17 17 11 15 14 11 17 14 11 17 16 16 10 11 12 10 15 14 17 16 17 10 11 16 18 17 11 13 14 17 10 12 12 16 10 13 17 12 13 12 18 14 15 11 15 18
30 32 32 31 41 37 42 39 45 52 54 53 46 33 45 45 33 53 30 47 45 41 30 44 38 42 41 36 42 46 50 35 42 50 54 30 43 38 31 48 46 46 54 46 45 37 55 36 51 41 39 37 31 39 33 37 49 46 54 31 54 33 52 53 53 54 38 39 43 51 41 52 32 49 49 45 45 50 39 30 46 34 39 45 41 43 34 41 43 52 41 31 54 42 43 48 35 35 41 49 35
31 34 29 38 39 31 47 46 26 45 41 28 41 43 36 29 29 31 35 43 40 32 40 27 37 40 34 32 33 32 47 35 47 32 41 37 33 41 33 35 37 46 39 29 44 48 29 41 41 34 40 29 28 40 32 36 37 30 32 41 41 29 45 40 37 39 47 43 39 30 26 32 33 30 29 39 30 37 47 44 38 39 45 39 42 36 37 31 35 47 36 36 27 31 42 28 28 39 41 33 28
32 49 38 38 42 51 46 37 29 33 49 38 44 48 43 37 50 39 45 48 41 43 37 42 33 49 47 32 51 36 41 44 30 49 37 38 52 50 41 50 48 31 45 43 40 31 38 50 52 33 41 43 41 50 50 34 37 37 49 50 38 35 38 41 29 42 37 45 29 30 52 29 46 48 39 46 36 34 46 36 29 52 36 40 30 44 37 50 53 42 40 41 45 31 34 52 51 31 46 30 31
33 37 28 39 31 42 39 36 37 41 40 34 30 34 25 29 26 42 45 40 32 33 45 31 37 32 39 28 44 42 35 37 28 34 45 42 26 30 35 33 31 40 39 26 36 39 41 37 33 37 45 31 26 26 34 33 39 40 27 37 44 28 44 29 34 36 43 44 30 25 36 33 43 36 35 32 39 28 40 40 41 33 34 33 29 38 31 27 44 43 42 27 29 32 32 38 42 39 31 32 35
34 37 43 25 36 25 35 41 24 31 26 40 37 24 28 29 28 29 29 35 35 24 34 29 31 31 42 42 34 41 39 37 34 29 24 24 33 38 26 26 29 36 25 28 42 32 32 40 39 33 34 32 26 42 32 28 37 39 25 31 39 34 30 34 31 24 27 39 25 41 34 38 27 23 43 37 32 25 26 42 23 26 31 35 42 35 27 32 42 41 31 40 35 33 34 33 42 40 24 35 26
35 52 58 39 46 61 45 54 61 54 36 50 55 52 46 48 46 56 48 47 55 56 48 44 42 44 47 44 60 44 63 57 45 36 35 45 60 63 50 55 62 61 40 43 51 41 48 62 36 49 47 43 55 45 46 38 38 58 40 62 34 57 34 52 40 50 43 58 54 40 50 45 43 49 44 60 62 35 56 51 55 57 39 47 48 57 42 46 43 55 37 35 59 37 51 51 61 53 57 64 45
36 16 16 16 11 15 12 16 13 11 13 10 12 13 10 10 16 14 16 14 15 10 9 10 16 11 17 17 13 12 11 16 10 14 15 11 16 12 14 15 10 11 9 11 16 16 14 13 11 14 14 14 11 10 11 17 15 15 12 16 11 15 11 11 11 11 16 12 9 11 13 15 13 16 14 11 14 13 13 14 11 11 14 10 11 12 11 16 13 10 11 14 16 17 13 17 14 10 12 10 11
37 17 28 17 22 26 20 23 21 19 16 17 16 22 23 24 18 24 20 18 21 19 22 19 24 16 20 26 24 16 16 16 22 19 19 16 22 19 26 19 19 21 23 24 25 24 27 17 18 19 16 26 19 25 26 25 21 26 28 25 26 18 23 17 27 20 19 19 28 17 28 28 21 17 26 19 19 23 25 18 24 28 27 16 20 19 17 24 24 19 21 16 20 20 17 28 21 19 21 23 17
38 18 29 21 29 22 29 29 21 24 19 30 21 29 30 19 28 24 20 21 19 22 17 24 27 26 25 20 24 24 25 28 25 16 18 22 27 17 18 19 18 24 18 25 24 25 24 22 25 21 21 25 25 20 29 24 30 22 24 28 27 23 20 30 18 27 21 20 20 23 30 17 26 22 27 26 17 26 25 27 17 16 19 24 17 25 17 20 28 29 22 25 26 29 19 28 24 26 25 19 28
39 14 18 21 12 18 16 15 13 15 19 15 16 13 11 18 19 12 13 16 12 11 17 14 13 19 16 19 12 12 21 13 17 14 17 20 13 15 19 13 19 13 11 20 19 14 16 17 17 19 13 20 18 19 16 20 14 12 13 14 14 20 13 12 20 16 13 13 13 16 15 18 18 16 20 15 18 18 16 15 20 21 17 19 14 18 17 18 14 16 12 15 18 12 19 20 14 17 12 14 20
40 10 11 15 16 13 15 14 11 10 16 10 17 11 17 11 13 12 12 11 13 16 13 10 16 15 18 14 14 12 10 11 11 11 17 15 15 13 15 15 16 16 15 10 15 12 17 13 18 11 15 12 16 13 14 18 15 11 17 12 18 17 12 16 11 10 18 13 17 12 10 11 14 13 12 13 15 15 15 13 12 17 11 11 12 14 12 18 12 18 13 13 11 10 11 17 10 17 17 11 13;
param maxIb: 1 :=
1 1.430000e+01
2 2.860000e+01
3 4.290000e+01
4 6.240000e+01
5 1.430000e+01
6 4.290000e+01
7 1.690000e+01
8 1.820000e+01
9 2.470000e+01
10 52
11 1.430000e+01
12 4.680000e+01
13 4.810000e+01
14 5.720000e+01
15 2.730000e+01
16 2.860000e+01
17 6.240000e+01
18 5.590000e+01
19 3.510000e+01
20 3.770000e+01
21 5.980000e+01
22 4.550000e+01
23 5.330000e+01
24 2.470000e+01
25 52
26 13
27 2.210000e+01
28 5.980000e+01
29 1.820000e+01
30 5.460000e+01
31 4.810000e+01
32 5.330000e+01
33 4.550000e+01
34 4.290000e+01
35 6.370000e+01
36 1.690000e+01
37 2.860000e+01
38 2.990000e+01
39 2.080000e+01
40 1.820000e+01;
param tempoe=0.000823;
