param nvertices=10; #numero de vertices
param ndemandas=40; #numero de demandas
param capacidadeij: 1 2 3 4 5 6 7 8 9 10 :=
 1 100 100 100 100 100 100 100 100 100 100
2 100 100 100 100 100 100 100 100 100 100
3 100 100 100 100 100 100 100 100 100 100
4 100 100 100 100 100 100 100 100 100 100
5 100 100 100 100 100 100 100 100 100 100
6 100 100 100 100 100 100 100 100 100 100
7 100 100 100 100 100 100 100 100 100 100
8 100 100 100 100 100 100 100 100 100 100
9 100 100 100 100 100 100 100 100 100 100
10 100 100 100 100 100 100 100 100 100 100; #Capacidade de banda de comunicacao de cada arco
param Adj: 1 2 3 4 5 6 7 8 9 10 := 
1 0 0 0 0 0 1 0 0 1 1
2 0 0 1 0 1 0 0 0 0 1
3 0 1 0 1 1 0 0 1 0 0
4 0 0 1 0 0 0 1 1 0 0
5 0 1 1 0 0 0 0 0 0 1
6 1 0 0 0 0 0 0 0 0 1
7 0 0 0 1 0 0 0 1 1 0
8 0 0 1 1 0 0 1 0 0 0
9 1 0 0 0 0 0 1 0 0 1
10 1 1 0 0 1 1 0 0 1 0;  #Matriz de adjacencia da topologia
param I: 1 2 3 :=
1 9.000000 4.000000 17.000000
2 7.000000 6.000000 16.000000
3 10.000000 2.000000 15.000000
4 9.000000 5.000000 19.000000
5 6.000000 2.000000 12.000000
6 1.000000 4.000000 12.000000
7 3.000000 10.000000 15.000000
8 3.000000 2.000000 16.000000
9 8.000000 5.000000 10.000000
10 9.000000 3.000000 17.000000
11 10.000000 5.000000 11.000000
12 5.000000 1.000000 18.000000
13 1.000000 6.000000 13.000000
14 6.000000 4.000000 19.000000
15 5.000000 1.000000 17.000000
16 1.000000 9.000000 11.000000
17 5.000000 4.000000 10.000000
18 10.000000 6.000000 19.000000
19 4.000000 2.000000 16.000000
20 2.000000 10.000000 11.000000
21 2.000000 1.000000 10.000000
22 6.000000 7.000000 19.000000
23 10.000000 8.000000 15.000000
24 9.000000 4.000000 19.000000
25 1.000000 10.000000 17.000000
26 5.000000 3.000000 14.000000
27 1.000000 6.000000 12.000000
28 4.000000 10.000000 18.000000
29 3.000000 4.000000 11.000000
30 7.000000 1.000000 10.000000
31 4.000000 5.000000 16.000000
32 3.000000 9.000000 18.000000
33 1.000000 9.000000 19.000000
34 9.000000 2.000000 16.000000
35 9.000000 3.000000 15.000000
36 8.000000 3.000000 14.000000
37 8.000000 4.000000 18.000000
38 9.000000 1.000000 17.000000
39 7.000000 9.000000 10.000000
40 1.000000 2.000000 19.000000;
param Ib: 1 2 3 4 5 6 7 8 9 10 11 12 13 14 15 16 17 18 19 20 21 22 23 24 25 26 27 28 29 30 31 32 33 34 35 36 37 38 39 40 41 42 43 44 45 46 47 48 49 50 51 52 53 54 55 56 57 58 59 60 61 62 63 64 65 66 67 68 69 70 71 72 73 74 75 76 77 78 79 80 81 82 83 84 85 86 87 88 89 90 91 92 93 94 95 96 97 98 99 100 :=
1 24 21 33 19 43 39 18 25 37 46 40 31 34 34 29 34 46 23 22 24 34 34 18 40 32 34 44 44 34 40 31 39 38 47 37 29 16 44 47 37 33 17 21 46 36 42 27 44 20 46 38 37 36 22 46 28 33 19 23 38 29 29 22 40 41 37 45 47 26 43 21 37 45 41 47 45 36 35 38 31 18 27 19 43 35 32 32 37 26 23 40 44 20 19 31 40 17 25 27 45
2 14 15 17 9 19 16 20 10 21 9 19 18 15 9 9 14 18 21 14 18 18 12 21 11 16 16 12 22 12 19 11 15 17 20 15 9 14 16 21 9 22 17 18 16 10 13 17 16 9 18 12 14 20 15 22 18 13 9 22 9 15 14 16 21 17 13 15 13 8 8 14 20 18 8 9 14 20 12 15 11 19 16 20 16 15 15 21 17 16 20 19 21 22 22 15 10 12 10 10 14
3 64 47 37 63 58 60 40 29 67 65 50 37 53 42 73 39 57 70 67 53 61 39 72 52 60 58 32 41 25 58 72 52 66 63 27 36 46 31 48 68 63 64 61 71 52 69 61 62 29 28 39 39 26 32 47 52 33 56 61 61 64 55 39 63 58 65 63 31 66 57 37 55 35 47 49 49 37 25 49 42 38 53 56 65 37 59 57 35 73 68 38 26 41 72 32 63 66 29 70 71
4 20 21 24 20 27 12 20 13 16 14 27 30 24 27 23 29 25 21 30 23 27 20 23 27 29 19 25 22 15 31 31 17 19 19 17 29 18 15 22 15 22 16 29 24 12 17 24 31 18 18 11 14 20 22 13 28 25 31 17 13 27 25 19 14 25 25 29 26 23 20 17 16 19 31 23 28 17 20 25 18 18 21 22 20 30 14 18 18 26 24 18 18 14 31 25 31 12 26 18 28
5 33 27 19 34 39 16 24 39 30 17 19 21 25 18 31 28 25 28 31 40 17 21 37 15 39 16 38 34 22 17 28 14 23 30 28 27 23 37 18 29 32 36 20 27 29 26 31 31 34 17 30 40 29 37 23 39 22 38 29 34 26 34 21 18 34 33 40 34 29 17 17 23 15 34 14 36 21 23 33 20 22 35 20 22 14 37 29 30 22 22 39 29 31 24 28 20 40 40 23 33
6 40 44 22 42 52 50 37 48 28 49 37 38 42 44 42 31 53 28 30 53 27 46 27 53 49 39 47 23 31 18 26 39 25 45 36 40 39 54 36 38 32 26 25 19 37 36 21 53 20 26 28 21 36 27 29 28 20 42 50 27 42 24 29 30 49 36 51 34 46 20 27 24 53 49 19 24 27 35 49 49 43 50 48 35 22 27 34 27 22 22 21 22 42 52 50 48 39 31 52 29
7 33 42 24 29 23 30 28 18 48 47 46 32 50 30 28 41 45 43 34 28 19 48 43 28 47 49 45 34 45 20 32 32 51 43 19 32 47 36 44 49 29 29 23 38 23 18 36 41 40 50 37 49 28 24 21 34 30 19 33 44 37 49 30 48 36 27 33 42 37 46 31 31 45 29 31 22 19 37 27 40 19 41 34 43 24 25 46 24 25 44 46 20 40 28 35 45 37 46 45 35
8 22 35 32 39 34 49 38 29 66 57 60 47 47 60 31 63 33 63 48 61 64 52 47 59 48 44 25 26 39 37 35 65 35 40 66 65 53 60 32 26 64 24 52 40 59 64 61 61 24 37 53 62 45 30 42 38 51 26 38 37 34 26 45 59 59 54 41 55 24 30 39 46 30 24 49 53 60 50 34 25 26 33 32 31 65 45 47 22 45 46 41 61 34 31 39 45 38 35 47 33
9 26 46 36 16 26 34 20 38 46 43 21 43 37 35 41 38 31 23 44 28 31 25 40 35 30 21 16 32 16 44 30 46 18 34 16 33 39 19 31 26 19 21 20 19 33 34 23 36 34 24 22 32 33 36 45 28 39 16 34 42 34 40 42 21 23 44 32 24 20 21 39 16 28 23 38 36 19 28 27 24 45 38 36 42 27 40 43 38 34 29 19 35 25 23 22 33 18 21 34 31
10 10 12 16 15 20 7 9 13 19 15 20 9 16 19 20 10 16 8 8 7 9 17 18 15 17 15 19 10 15 16 7 9 11 16 10 13 12 17 12 8 10 14 16 17 15 13 7 19 7 15 17 19 18 10 15 14 9 12 10 12 9 13 15 15 8 13 8 16 19 18 10 21 11 11 12 21 13 9 12 18 21 15 13 13 15 16 17 20 15 10 15 13 10 10 16 16 16 19 20 16
11 40 22 37 56 29 33 20 52 23 32 39 35 38 48 33 33 27 24 35 26 47 33 32 25 46 41 48 36 35 25 35 30 49 30 29 30 30 31 30 37 34 49 49 42 22 51 47 20 39 20 43 22 47 40 36 30 21 34 21 28 56 46 45 45 23 41 54 45 42 57 25 29 30 29 41 22 41 53 49 30 48 25 42 29 35 25 33 37 47 43 24 52 50 50 53 36 40 46 44 41
12 40 32 43 26 28 19 45 41 41 43 23 49 22 46 49 50 39 24 52 38 35 29 30 25 51 49 38 34 29 31 49 48 33 48 36 26 43 38 31 43 46 37 27 23 31 50 34 27 34 34 48 41 26 50 26 20 33 32 31 40 53 28 28 22 32 30 35 45 22 27 30 21 19 36 31 31 25 27 29 46 31 48 39 24 20 47 50 21 23 23 45 36 27 47 23 35 27 43 54 30
13 31 19 28 14 37 21 17 23 28 28 27 25 26 21 39 25 14 21 15 14 14 37 32 23 18 17 26 36 25 39 28 32 25 15 18 32 38 27 37 38 17 26 38 37 22 38 29 33 37 15 21 36 30 24 30 38 38 35 22 31 37 23 28 16 38 16 18 37 35 37 20 14 32 20 34 25 37 14 15 28 28 25 36 24 29 22 33 17 32 40 31 37 31 38 34 17 17 15 34 17
14 57 71 72 25 30 40 72 49 46 29 66 46 53 50 33 39 69 31 49 34 58 48 39 27 45 43 36 35 57 68 44 37 73 39 28 64 49 27 71 62 36 28 65 54 31 38 44 26 73 71 41 34 47 66 33 25 60 52 39 56 70 36 39 25 43 71 48 40 65 38 69 39 63 59 59 54 44 37 62 45 37 38 65 61 52 40 49 48 64 60 51 66 32 33 38 71 45 57 35 50
15 36 33 17 32 31 20 19 26 36 35 33 22 15 25 14 31 13 23 13 24 33 33 33 13 24 19 19 29 21 31 24 14 32 17 29 37 22 22 37 13 15 30 16 25 30 31 33 31 14 24 13 34 26 17 37 37 20 25 13 23 28 22 37 31 35 23 15 32 35 29 16 34 28 33 18 14 21 33 26 14 15 34 18 29 19 20 24 32 35 17 31 37 34 22 36 13 24 23 14 16
16 60 47 34 57 42 27 65 41 23 47 31 35 54 34 43 27 31 66 57 56 36 48 36 37 63 32 38 29 41 26 25 49 48 62 59 47 62 40 65 33 44 31 53 27 52 46 67 45 37 63 39 53 25 48 50 32 35 46 41 33 65 64 49 40 57 48 57 32 48 45 38 38 65 28 60 52 45 37 39 40 58 28 39 54 64 25 43 62 48 48 52 31 37 33 42 25 57 56 46 27
17 50 55 28 60 54 48 34 43 63 41 34 27 24 53 59 49 25 59 42 39 53 50 27 60 38 39 59 61 23 64 38 23 36 38 31 32 34 31 36 52 42 25 37 58 59 53 57 55 42 58 63 23 37 28 39 59 31 39 24 38 64 55 45 51 50 36 56 50 29 38 55 58 33 27 51 46 48 39 57 40 37 26 55 23 45 61 23 51 61 26 45 34 47 52 36 27 39 53 22 50
18 16 17 14 15 14 19 14 19 18 17 8 8 16 19 8 7 12 12 16 17 13 16 16 19 17 15 12 16 7 16 14 16 10 17 17 8 19 14 19 12 18 9 19 10 10 15 17 18 9 12 12 11 15 7 15 13 10 15 11 18 13 8 18 17 9 14 18 14 8 9 13 13 11 16 8 18 15 8 14 14 7 14 7 8 8 17 19 12 8 8 10 12 11 17 14 18 19 10 19 7
19 30 26 35 23 18 36 26 37 49 24 31 41 49 40 37 47 28 48 46 35 47 46 21 24 30 49 35 40 23 43 36 41 34 20 19 36 49 26 36 28 25 43 17 24 26 43 24 28 31 37 33 47 49 28 46 35 26 26 23 30 18 29 41 27 42 21 40 41 35 46 48 19 33 21 29 34 39 28 29 24 40 19 46 34 46 23 32 43 46 43 37 43 33 44 36 34 29 22 37 49
20 19 18 21 21 23 27 47 26 17 17 28 24 49 23 19 41 24 19 36 21 22 46 45 40 42 26 21 40 33 19 47 33 40 48 24 33 25 46 18 44 30 21 48 38 27 25 35 24 49 37 30 22 31 46 32 43 21 21 41 40 49 34 22 19 48 33 49 30 21 47 46 19 21 26 36 25 40 27 30 30 23 26 19 25 20 32 18 38 41 44 17 27 38 37 20 29 20 30 45 22
21 21 25 38 25 37 19 39 23 39 16 38 30 17 22 33 21 41 27 33 39 16 17 42 18 24 29 35 15 27 28 16 40 16 42 34 31 24 19 32 40 38 22 41 26 31 24 32 35 29 39 33 18 43 35 30 28 30 35 21 23 42 29 42 35 37 23 15 34 15 23 30 32 37 30 21 24 20 26 30 25 40 16 35 29 33 27 32 19 34 26 36 28 19 42 40 33 42 18 38 25
22 19 28 37 34 31 44 46 20 36 25 23 35 32 46 45 38 26 37 34 41 46 28 22 28 44 45 45 41 23 39 24 23 42 19 45 28 24 30 34 33 46 20 22 22 17 18 43 17 39 33 45 45 44 46 29 21 29 34 25 28 37 36 26 25 33 44 43 18 34 45 40 39 40 26 29 28 31 22 31 19 25 38 20 18 46 19 45 44 34 33 32 43 44 18 32 26 34 22 45 25
23 12 30 18 26 25 27 14 19 18 25 22 11 30 10 28 25 25 11 22 20 16 22 17 19 23 16 16 24 27 14 24 17 20 13 11 22 29 15 28 21 27 26 21 27 18 20 30 12 11 19 16 18 20 28 21 25 29 17 29 11 23 15 13 22 24 13 15 18 26 25 21 29 14 23 13 12 18 14 24 12 21 11 25 11 12 24 13 16 30 19 15 27 29 10 23 27 18 22 19 30
24 61 38 36 48 64 51 71 27 32 51 48 56 68 49 34 56 71 59 60 34 70 58 53 42 30 66 53 42 43 53 30 39 40 71 37 44 35 26 31 26 52 65 30 49 65 36 66 42 28 61 34 41 41 27 70 32 24 47 64 46 28 58 39 37 65 71 36 42 29 46 27 64 45 59 59 38 51 62 46 58 37 32 43 61 66 63 49 58 62 49 45 26 59 70 56 34 38 46 25 56
25 23 42 53 20 57 42 33 41 21 31 20 28 55 50 34 54 33 47 42 41 21 21 49 30 50 45 28 40 42 38 45 40 55 32 28 36 44 35 45 33 25 35 29 32 41 53 47 20 53 27 42 31 34 28 50 37 57 47 32 55 40 25 33 24 36 40 36 33 33 42 31 33 50 33 27 23 49 20 42 52 42 36 28 22 39 41 54 46 41 47 23 28 37 58 37 51 40 53 38 57
26 21 46 21 29 27 42 38 41 32 44 21 42 40 40 16 42 34 19 28 42 42 34 37 46 20 27 44 18 35 20 46 32 35 23 17 38 45 41 41 19 41 37 21 35 18 27 18 26 34 40 39 39 22 24 20 23 36 30 39 40 30 30 44 46 32 34 17 24 29 39 46 24 34 30 38 36 42 33 46 16 45 26 29 28 17 24 34 39 38 34 41 28 18 26 34 45 46 21 29 35
27 39 23 50 46 33 43 48 61 40 56 27 38 43 33 61 25 64 44 26 44 59 32 48 26 35 45 56 50 56 45 41 63 25 25 46 41 61 60 52 31 24 61 31 23 28 47 35 60 35 32 25 26 51 60 26 29 28 47 52 38 42 28 58 49 38 55 45 41 35 34 54 31 40 25 62 42 38 61 52 45 48 44 35 26 26 29 55 60 50 53 29 45 29 26 34 24 27 33 37 37
28 63 39 54 59 43 37 44 52 62 43 29 24 44 25 65 58 34 42 27 59 24 53 51 55 50 35 28 29 48 46 50 61 29 23 39 32 33 34 29 52 51 63 25 38 33 53 39 34 56 65 24 45 41 53 29 59 58 24 48 43 61 31 32 42 23 28 32 48 42 45 40 47 66 43 54 23 31 51 66 56 50 37 23 47 38 46 61 54 31 61 26 54 47 56 43 43 42 27 66 37
29 29 16 29 31 18 23 21 32 21 35 18 15 33 15 16 34 30 39 14 37 16 36 18 26 34 27 38 21 25 18 37 38 15 14 21 40 19 38 18 14 26 39 33 40 36 16 29 32 32 19 15 36 40 29 36 16 25 30 28 35 18 21 37 29 14 30 26 26 33 30 34 21 33 16 19 25 21 40 19 19 24 33 27 38 18 30 25 38 33 36 23 35 25 25 14 24 22 38 22 20
30 56 55 57 42 41 64 49 45 32 43 67 60 60 65 52 38 43 39 37 49 48 24 57 49 41 60 31 36 45 62 41 33 44 35 69 27 69 42 52 37 29 38 61 37 35 63 62 41 57 30 68 39 49 68 60 48 27 40 56 54 47 31 51 63 31 33 47 42 54 70 57 24 50 43 45 47 52 33 62 37 45 26 61 48 28 62 50 59 38 61 60 32 38 44 42 39 57 62 36 25
31 39 37 35 38 24 15 29 26 36 20 36 19 26 36 16 37 17 14 23 26 15 26 15 27 32 36 19 14 36 18 23 38 15 26 16 18 24 36 38 39 34 24 19 15 35 18 37 26 34 31 39 20 32 33 27 28 21 33 30 28 34 23 26 39 34 24 20 36 21 21 15 30 38 17 21 17 36 24 40 33 29 28 39 35 28 19 31 17 19 14 20 25 18 38 19 33 35 30 38 14
32 17 9 15 14 15 19 10 21 11 13 11 9 15 14 10 9 14 10 13 22 15 23 11 22 15 19 13 20 11 10 21 24 22 10 15 16 18 22 18 23 14 18 22 11 9 12 20 17 22 15 11 18 20 19 24 9 15 15 12 17 16 18 16 15 14 22 20 11 25 17 16 22 22 21 24 14 25 12 15 14 15 10 14 15 23 16 22 20 22 18 18 14 24 11 14 24 25 11 24 10
33 24 17 13 23 28 29 16 19 24 36 31 31 35 31 23 35 28 17 15 25 16 26 17 18 18 27 35 36 15 25 33 30 25 19 14 31 27 27 23 35 37 35 37 29 32 26 34 30 16 17 34 35 17 21 23 31 16 20 29 14 25 29 29 35 15 18 16 30 26 17 36 13 17 17 28 21 27 26 24 18 36 29 18 26 33 19 24 32 20 27 25 28 33 27 28 28 25 35 35 13
34 58 28 44 54 41 60 30 64 29 38 58 37 25 52 60 63 30 50 31 32 51 49 54 63 33 46 40 47 63 23 49 51 52 31 28 32 50 40 33 37 27 37 29 61 62 59 24 36 40 64 53 46 54 42 31 61 33 22 28 26 49 27 59 22 30 62 26 49 42 32 23 27 27 30 37 52 35 29 28 51 23 50 23 62 29 55 44 22 50 39 26 47 37 44 30 34 35 33 54 62
35 7 8 19 16 12 11 8 16 12 14 19 14 19 19 12 10 14 10 17 10 9 10 17 18 14 13 12 16 10 8 14 9 14 18 13 10 7 7 10 13 10 12 10 16 16 19 16 7 10 12 12 10 8 15 17 7 15 12 10 10 18 8 12 11 7 17 18 7 17 10 9 13 15 19 8 12 15 18 11 18 14 18 14 11 9 17 8 15 19 15 15 17 12 16 11 9 16 12 18 7
36 6 12 11 14 16 9 9 15 15 12 13 6 9 15 10 11 15 7 11 9 8 13 15 10 10 7 11 7 13 14 8 14 14 7 15 15 14 15 11 12 7 10 16 9 14 15 14 10 16 11 6 15 10 16 9 6 9 14 11 13 6 10 8 9 10 8 7 7 12 16 8 13 13 8 12 12 16 12 7 11 6 13 13 13 12 10 15 14 13 11 13 6 15 7 12 12 11 11 15 13
37 23 26 32 30 24 32 23 14 19 12 35 25 18 13 31 28 20 26 14 29 24 15 21 14 23 27 25 18 13 21 23 16 25 25 36 13 19 12 18 19 35 19 34 32 22 24 30 27 21 27 19 35 30 18 13 17 14 29 28 26 26 22 32 12 29 23 23 22 24 23 27 12 33 19 14 13 13 16 19 31 25 21 30 24 17 14 31 33 16 27 14 22 26 18 35 28 27 19 15 16
38 28 27 44 42 42 26 37 19 34 46 37 34 38 17 46 29 36 38 24 22 45 17 40 20 44 26 26 31 18 22 27 24 37 38 30 42 42 28 43 17 45 27 19 19 18 30 16 45 45 33 39 39 28 24 44 19 34 29 29 17 34 36 29 31 27 34 37 22 46 40 37 37 17 34 33 35 17 29 25 35 30 32 43 36 43 20 34 22 20 43 43 18 31 36 28 41 44 38 35 44
39 25 33 23 32 26 12 27 18 17 32 21 19 32 16 16 26 32 15 12 14 29 22 26 24 12 20 17 15 21 18 12 30 27 16 21 29 27 12 35 16 22 19 19 23 18 22 30 27 28 19 14 33 34 21 18 22 24 20 30 17 27 12 36 25 24 35 22 33 19 30 17 18 29 14 27 31 31 31 15 32 18 18 29 24 23 29 23 31 27 28 32 15 30 35 25 13 25 28 34 20
40 38 40 25 40 39 45 16 39 20 22 35 43 44 15 39 38 27 21 21 34 39 37 22 42 25 30 17 30 31 43 41 40 16 28 37 24 38 39 43 24 40 28 37 18 19 30 17 44 35 22 24 44 44 43 31 19 20 36 22 24 40 18 40 30 34 35 15 32 17 29 15 41 40 40 16 21 45 37 40 38 44 40 31 30 21 31 25 29 26 33 33 27 38 40 36 37 42 23 20 32;
param maxIb: 1 :=
1 48
2 2.250000e+01
3 7.350000e+01
4 3.150000e+01
5 4.050000e+01
6 54
7 51
8 66
9 4.650000e+01
10 21
11 57
12 54
13 4.050000e+01
14 7.350000e+01
15 3.750000e+01
16 6.750000e+01
17 6.450000e+01
18 1.950000e+01
19 4.950000e+01
20 4.950000e+01
21 4.350000e+01
22 48
23 30
24 72
25 5.850000e+01
26 4.650000e+01
27 6.450000e+01
28 6.750000e+01
29 4.050000e+01
30 7.050000e+01
31 4.050000e+01
32 2.550000e+01
33 3.750000e+01
34 6.450000e+01
35 1.950000e+01
36 1.650000e+01
37 36
38 4.650000e+01
39 36
40 45;
param tempoe=0.000739;
