param nvertices=10; #numero de vertices
param ndemandas=40; #numero de demandas
param capacidadeij: 1 2 3 4 5 6 7 8 9 10 :=
 1 100 100 100 100 100 100 100 100 100 100
2 100 100 100 100 100 100 100 100 100 100
3 100 100 100 100 100 100 100 100 100 100
4 100 100 100 100 100 100 100 100 100 100
5 100 100 100 100 100 100 100 100 100 100
6 100 100 100 100 100 100 100 100 100 100
7 100 100 100 100 100 100 100 100 100 100
8 100 100 100 100 100 100 100 100 100 100
9 100 100 100 100 100 100 100 100 100 100
10 100 100 100 100 100 100 100 100 100 100; #Capacidade de banda de comunicacao de cada arco
param Adj: 1 2 3 4 5 6 7 8 9 10 := 
1 0 0 1 0 0 1 1 1 0 1
2 0 0 0 1 1 0 1 0 1 1
3 1 0 0 1 0 1 1 0 0 1
4 0 1 1 0 0 0 1 0 0 0
5 0 1 0 0 0 0 0 0 1 1
6 1 0 1 0 0 0 0 1 0 1
7 1 1 1 1 0 0 0 0 0 0
8 1 0 0 0 0 1 0 0 0 1
9 0 1 0 0 1 0 0 0 0 0
10 1 1 1 0 1 1 0 1 0 0;  #Matriz de adjacencia da topologia
param I: 1 2 3 :=
1 7.000000 5.000000 12.000000
2 8.000000 1.000000 16.000000
3 3.000000 1.000000 16.000000
4 3.000000 9.000000 13.000000
5 9.000000 10.000000 11.000000
6 9.000000 2.000000 12.000000
7 7.000000 9.000000 14.000000
8 5.000000 9.000000 11.000000
9 5.000000 7.000000 12.000000
10 9.000000 5.000000 19.000000
11 7.000000 10.000000 14.000000
12 2.000000 9.000000 19.000000
13 3.000000 1.000000 13.000000
14 8.000000 5.000000 14.000000
15 5.000000 7.000000 12.000000
16 4.000000 10.000000 14.000000
17 10.000000 2.000000 19.000000
18 1.000000 5.000000 15.000000
19 6.000000 9.000000 14.000000
20 8.000000 6.000000 10.000000
21 7.000000 6.000000 15.000000
22 9.000000 1.000000 11.000000
23 2.000000 10.000000 16.000000
24 3.000000 1.000000 18.000000
25 6.000000 9.000000 16.000000
26 7.000000 3.000000 13.000000
27 7.000000 4.000000 16.000000
28 5.000000 10.000000 18.000000
29 3.000000 8.000000 14.000000
30 2.000000 3.000000 11.000000
31 8.000000 4.000000 16.000000
32 5.000000 8.000000 16.000000
33 1.000000 5.000000 17.000000
34 6.000000 8.000000 10.000000
35 5.000000 8.000000 16.000000
36 4.000000 10.000000 12.000000
37 9.000000 1.000000 16.000000
38 9.000000 2.000000 13.000000
39 3.000000 4.000000 14.000000
40 6.000000 4.000000 11.000000;
param Ib: 1 2 3 4 5 6 7 8 9 10 11 12 13 14 15 16 17 18 19 20 21 22 23 24 25 26 27 28 29 30 31 32 33 34 35 36 37 38 39 40 41 42 43 44 45 46 47 48 49 50 51 52 53 54 55 56 57 58 59 60 61 62 63 64 65 66 67 68 69 70 71 72 73 74 75 76 77 78 79 80 81 82 83 84 85 86 87 88 89 90 91 92 93 94 95 96 97 98 99 100 :=
1 14 11 17 17 11 14 15 17 12 15 12 15 15 15 12 17 10 17 15 16 15 12 17 15 18 12 17 14 17 15 11 17 13 15 18 18 14 16 17 16 13 13 14 12 16 14 12 15 13 15 15 14 10 11 17 15 15 12 14 10 14 10 15 13 13 14 15 16 16 13 12 10 11 13 15 13 17 12 10 11 12 12 10 15 17 15 17 11 15 16 14 11 10 12 15 14 15 17 11 18
2 26 40 33 32 44 37 27 37 40 43 34 42 26 32 26 45 45 40 37 40 40 40 31 39 30 32 26 36 42 25 40 45 39 35 38 43 33 41 39 32 33 27 25 38 44 30 26 40 39 42 42 42 41 40 30 37 34 37 40 28 28 31 26 26 41 29 26 40 34 42 27 33 28 27 40 32 40 27 38 26 37 37 41 34 31 34 43 45 38 35 28 36 40 38 32 25 26 35 44 38
3 44 46 31 36 36 51 30 49 44 42 43 49 53 31 37 40 37 40 34 30 53 43 46 34 35 42 36 38 42 49 50 31 46 31 43 49 35 31 36 53 48 53 30 33 49 49 39 49 40 42 42 34 40 29 42 49 51 51 32 48 47 40 37 45 47 31 49 36 39 45 34 41 38 29 48 31 37 35 40 36 43 50 32 42 44 40 32 51 36 44 32 45 49 47 37 33 50 48 47 50
4 12 11 16 12 14 14 13 10 15 12 16 17 15 16 12 17 11 11 10 17 13 17 14 11 17 11 12 10 18 17 18 12 12 18 18 17 14 12 18 14 17 11 13 13 16 16 16 10 16 16 10 12 12 14 12 15 11 14 11 12 13 16 17 12 13 12 16 15 10 11 13 15 11 12 11 13 15 13 15 11 11 17 14 13 10 16 17 17 17 11 13 11 10 15 14 18 13 15 16 12
5 14 12 19 19 17 20 17 16 18 13 21 16 15 17 20 16 19 16 18 16 16 17 12 15 11 14 20 16 15 17 20 14 11 14 18 15 20 14 16 18 19 19 21 20 11 17 16 19 20 12 18 15 18 20 14 19 15 19 12 17 19 15 16 12 14 16 17 17 14 19 11 17 14 19 16 16 20 19 20 21 19 20 12 13 16 14 16 12 20 18 15 12 20 11 19 16 20 19 14 14
6 40 56 58 52 44 40 53 43 56 47 59 58 60 40 54 42 43 38 57 41 49 41 63 40 64 37 59 43 40 51 42 53 45 50 42 57 39 46 50 40 58 41 56 53 44 42 58 48 48 61 50 63 45 58 52 49 35 56 54 44 39 39 49 41 59 38 49 52 50 56 35 46 41 35 49 55 55 36 57 52 52 43 61 46 45 58 43 42 43 56 45 36 55 40 41 41 53 54 46 39
7 27 20 18 28 23 21 29 26 19 32 28 29 23 32 31 23 23 24 19 25 27 29 25 19 30 30 24 20 25 25 20 28 32 31 32 22 24 19 22 30 31 26 31 23 28 32 29 26 31 21 24 18 22 30 29 21 26 23 31 29 26 18 30 28 29 31 32 28 22 29 25 31 22 19 30 27 29 27 23 21 18 25 22 28 21 18 21 20 28 28 24 28 19 29 30 32 32 24 18 31
8 49 54 43 39 52 36 51 55 55 46 47 57 39 32 54 51 48 42 33 33 55 35 48 53 32 35 56 51 37 46 44 57 35 40 50 48 54 54 48 41 35 42 55 33 53 49 45 55 58 58 51 38 57 56 41 46 56 58 41 55 40 54 53 32 58 47 54 55 32 57 44 56 58 58 50 40 43 40 57 54 34 39 36 42 45 54 38 37 41 57 57 38 53 51 53 45 51 52 43 32
9 35 36 37 42 26 31 47 47 35 27 39 32 27 42 47 47 29 31 27 43 45 47 34 33 33 35 48 31 33 34 44 42 29 43 32 38 34 33 42 34 39 39 43 37 48 28 47 31 28 33 31 45 48 44 39 35 31 31 30 42 48 34 28 28 46 43 48 36 43 38 36 27 28 28 41 28 44 38 37 37 47 37 29 43 33 30 48 42 28 30 26 41 45 47 32 47 43 34 37 48
10 13 15 20 15 21 19 22 21 21 14 20 14 13 14 21 14 13 21 14 16 19 18 13 21 17 21 15 15 15 12 14 19 18 20 22 14 14 14 22 19 12 19 13 13 22 19 21 12 19 14 17 21 16 22 17 16 15 14 13 16 19 17 14 21 21 13 15 15 18 22 15 16 18 17 17 18 18 19 12 13 17 14 15 12 12 13 21 15 13 19 18 12 21 21 13 17 18 14 18 15
11 33 29 32 29 36 35 39 43 40 33 49 36 34 41 41 32 35 49 42 33 49 34 38 31 29 45 31 40 48 28 43 28 32 44 45 28 28 27 35 39 36 39 44 41 38 48 49 33 46 44 33 29 47 29 29 33 33 39 42 33 43 48 50 39 35 39 41 47 48 34 49 32 49 36 32 32 46 43 42 32 38 43 36 33 47 33 35 47 48 45 45 43 35 49 42 41 36 42 43 40
12 35 28 34 25 29 22 32 26 34 26 31 38 27 36 21 35 25 30 34 35 23 27 31 38 25 32 34 35 24 32 36 26 26 34 31 37 35 37 33 36 31 34 38 27 30 27 31 33 28 22 26 24 29 28 31 32 30 35 27 25 39 21 29 36 39 38 37 31 29 27 38 30 33 30 23 30 37 31 34 33 29 37 27 29 38 22 37 26 37 37 25 35 28 22 32 35 26 39 36 24
13 30 33 32 42 39 35 25 36 41 39 34 40 32 42 39 28 33 34 38 29 33 23 40 40 25 35 36 28 27 36 28 24 42 31 32 28 43 42 38 35 38 40 35 41 27 35 25 28 33 29 41 36 24 33 33 41 37 41 42 35 30 36 30 29 24 33 38 27 39 28 25 29 29 27 33 32 31 23 37 40 40 23 25 29 35 28 33 39 30 35 35 32 28 29 34 38 39 39 28 24
14 11 8 8 12 10 8 8 11 12 8 8 13 11 13 10 13 11 13 9 7 7 12 8 11 12 11 9 8 8 12 7 13 8 11 12 10 12 7 11 12 8 9 10 9 9 7 10 9 8 11 9 8 8 9 12 12 13 11 12 13 9 11 7 7 8 8 11 7 9 11 7 11 11 8 10 8 12 9 8 12 11 9 10 8 12 9 12 12 8 10 7 12 9 11 9 7 8 10 11 12
15 55 43 53 51 36 50 32 38 45 49 45 41 54 32 49 44 49 44 48 42 33 36 53 34 57 45 35 44 40 37 55 34 42 32 55 55 51 42 31 44 55 47 48 45 38 41 57 36 34 45 42 50 41 48 53 48 39 40 42 40 44 50 46 52 43 46 46 41 52 55 42 42 42 50 34 53 51 44 56 48 42 45 44 43 42 54 41 42 34 35 56 56 38 52 45 49 32 47 55 46
16 35 35 34 31 21 20 28 29 36 24 20 32 26 24 25 28 33 23 35 27 23 23 24 20 20 25 27 27 21 30 20 34 31 24 24 24 22 21 35 23 27 27 32 35 27 22 24 36 24 21 24 25 30 34 27 36 23 29 21 24 30 23 32 25 20 34 20 33 24 33 27 25 31 36 21 29 32 29 31 20 34 21 27 21 22 36 33 31 28 27 33 36 35 26 29 29 27 29 26 31
17 34 33 31 41 37 32 48 46 33 44 33 47 40 46 37 28 45 28 35 35 30 27 35 40 33 31 37 39 27 32 36 38 40 45 32 31 28 37 28 40 43 33 40 37 36 37 39 43 43 41 39 39 34 36 42 44 30 41 31 40 32 40 46 36 30 43 34 38 26 42 30 33 28 38 42 34 27 39 42 27 36 35 42 47 34 46 40 38 47 37 36 34 29 42 35 44 32 28 28 41
18 36 31 31 26 34 30 35 23 26 38 22 25 32 23 36 37 26 39 39 32 37 39 22 29 29 23 24 21 33 35 21 38 34 31 37 29 36 22 35 23 26 23 28 23 33 26 38 30 28 24 28 21 36 21 31 33 32 27 38 36 21 22 38 36 30 35 35 24 31 29 38 29 37 35 33 36 32 37 29 32 37 37 30 23 29 28 28 36 37 35 29 26 23 28 36 25 30 22 30 36
19 35 35 27 25 36 36 31 36 25 27 25 37 24 23 33 29 29 33 36 33 26 32 36 28 39 28 36 21 27 24 25 25 38 31 39 30 23 39 38 21 32 26 32 37 35 25 21 33 30 24 21 39 27 32 36 25 39 36 37 38 32 38 26 25 30 33 28 38 29 31 37 24 39 22 24 24 27 33 35 35 30 22 33 30 26 35 30 27 29 31 37 29 30 28 37 28 24 34 23 26
20 42 31 28 47 29 27 30 38 34 35 31 45 30 45 44 33 45 44 33 28 45 35 35 41 30 37 41 41 42 34 41 30 32 40 48 34 36 38 37 31 37 42 28 43 47 29 36 36 45 35 38 45 41 48 33 34 47 51 49 45 40 29 32 45 40 38 32 42 30 41 28 27 43 32 31 34 45 43 45 37 42 42 45 36 40 34 29 35 40 32 31 34 40 28 40 43 38 35 45 33
21 37 41 40 39 33 24 39 31 36 28 35 30 41 29 33 26 23 31 36 27 38 40 24 40 41 27 30 40 23 33 26 35 34 34 39 32 30 42 38 26 39 32 34 33 27 24 31 32 26 27 39 41 30 25 33 34 35 33 24 34 36 25 30 23 36 35 27 29 28 33 31 23 37 25 23 29 24 34 33 37 31 29 34 26 26 40 35 35 32 28 28 24 37 33 33 40 27 25 31 26
22 10 17 13 16 17 10 17 16 18 16 17 12 11 14 11 18 12 17 11 12 15 16 18 14 16 16 12 15 14 15 18 13 12 12 17 12 13 15 15 17 10 12 13 13 15 16 12 13 15 10 14 12 10 10 16 16 18 11 13 16 14 17 13 14 17 12 11 15 17 17 13 16 11 17 13 14 15 14 11 11 10 13 14 18 16 10 13 16 15 16 14 13 17 15 11 14 16 15 10 13
23 18 16 18 11 20 13 13 17 11 18 12 21 20 14 18 12 14 12 13 12 20 19 13 19 15 16 12 14 19 20 15 16 15 16 19 17 14 18 16 13 11 19 18 19 12 13 12 20 15 20 21 13 14 12 13 19 14 12 16 21 20 21 16 11 18 17 14 18 16 17 15 15 18 20 21 18 14 13 16 20 20 13 18 20 15 18 19 20 14 16 19 19 14 13 17 18 11 17 21 19
24 39 35 45 31 27 31 26 30 36 39 33 38 41 45 41 36 42 46 38 28 41 39 27 40 40 46 25 36 42 30 43 31 38 46 32 29 46 44 26 34 28 29 35 38 27 34 41 44 46 44 41 37 36 27 36 34 40 36 41 42 40 40 27 43 31 45 36 26 30 42 35 37 41 47 30 32 39 26 39 32 36 26 31 30 35 35 42 42 35 34 32 39 38 28 44 27 36 42 33 45
25 39 35 32 40 30 33 41 31 24 30 24 31 32 27 28 25 35 34 39 39 36 32 39 28 23 41 29 38 37 30 31 41 25 28 28 26 27 37 24 35 39 32 24 27 37 30 41 36 32 34 34 27 24 34 32 28 40 33 31 29 38 34 39 31 36 28 34 31 25 23 24 27 38 31 33 40 31 41 31 27 28 35 36 30 25 29 30 32 32 23 36 24 33 30 24 41 38 38 32 35
26 38 27 40 42 38 43 28 33 29 34 33 30 28 41 45 29 28 30 45 40 38 28 41 29 28 37 29 33 45 29 36 44 40 27 41 31 38 33 38 31 36 44 37 36 28 45 44 28 34 31 32 27 32 46 31 33 27 39 35 32 27 32 46 36 43 26 44 27 43 29 32 34 25 43 47 33 39 40 43 35 43 44 34 39 32 35 46 44 26 46 46 34 42 37 35 26 34 29 27 33
27 9 13 14 12 16 15 14 13 16 11 15 12 10 12 9 14 12 11 10 12 13 9 15 10 14 14 16 17 12 14 16 15 17 12 16 13 13 17 13 10 13 11 10 11 16 11 14 13 12 16 17 12 16 9 12 12 15 12 10 12 12 17 16 13 9 16 14 16 12 15 11 12 17 9 12 11 15 13 14 16 15 17 15 11 10 17 11 15 10 15 10 12 15 9 11 12 10 13 11 9
28 10 14 14 11 13 15 9 11 15 11 12 15 10 9 9 15 12 12 9 12 15 11 14 13 13 12 10 9 12 9 15 12 11 12 12 13 15 9 9 14 9 9 9 8 9 8 9 9 14 12 11 10 13 10 12 11 13 15 12 11 8 14 15 14 16 13 8 13 12 12 9 15 10 15 9 11 10 14 13 14 11 13 13 10 14 12 9 16 15 15 10 14 9 10 13 14 15 9 15 13
29 42 29 23 27 33 37 25 26 36 26 38 25 30 37 42 28 39 25 25 41 36 35 36 34 38 24 35 26 24 23 40 38 32 38 23 31 25 22 41 32 28 32 32 37 40 38 31 26 32 40 31 23 23 38 29 25 34 27 24 34 33 28 28 22 30 29 32 26 38 37 30 39 36 40 23 32 40 34 38 27 33 41 38 24 36 35 31 36 33 40 27 38 37 39 41 26 31 33 33 23
30 8 8 8 11 8 7 13 12 12 12 10 12 9 10 8 10 9 7 10 13 7 8 13 8 8 9 11 8 9 12 12 12 11 8 9 12 11 8 13 7 9 10 10 7 12 12 7 8 8 8 10 11 12 8 9 12 11 12 10 9 12 12 8 9 11 10 9 8 10 9 10 12 8 11 8 7 8 10 10 10 13 12 12 10 9 10 7 10 9 12 9 12 12 8 10 11 9 11 9 7
31 12 10 15 14 13 10 10 12 11 13 13 12 9 11 12 15 14 10 9 12 9 15 11 13 15 14 12 14 14 15 13 11 9 14 13 11 15 11 11 9 15 11 9 15 9 12 10 12 14 13 8 14 14 15 15 10 11 10 13 14 14 13 14 10 10 11 11 11 12 13 9 11 9 15 15 12 14 13 15 13 9 13 14 13 10 13 11 13 13 14 15 13 11 13 14 9 9 12 14 11
32 54 49 38 56 38 40 60 43 46 41 43 52 35 34 58 59 45 49 55 57 44 41 56 48 41 48 56 43 55 61 35 50 55 61 39 38 33 45 55 54 46 37 43 58 50 43 34 58 40 52 48 37 33 33 50 41 42 54 54 34 55 53 58 45 40 56 41 44 40 35 34 41 47 43 54 43 56 35 55 36 60 54 45 56 56 39 39 48 44 40 44 59 49 44 60 34 34 59 56 45
33 46 46 40 51 31 35 31 49 45 36 35 47 44 30 36 39 34 31 49 35 43 41 41 42 37 34 42 50 29 47 28 36 29 35 50 30 47 42 33 51 37 37 30 44 40 39 43 49 40 45 37 29 32 40 45 48 28 35 31 50 33 41 48 30 44 34 29 42 45 40 51 35 30 45 28 40 45 31 39 44 32 44 34 34 32 42 35 51 33 30 30 44 32 38 30 34 41 37 32 40
34 21 21 17 30 29 24 22 26 19 29 24 28 25 27 21 18 28 20 30 18 22 26 20 29 17 31 25 19 22 19 20 24 22 22 29 23 26 29 27 26 22 23 28 23 30 22 30 17 24 17 28 22 30 23 30 30 18 26 18 19 17 28 24 30 21 20 25 27 24 19 18 18 29 28 22 21 30 30 26 25 18 26 31 21 25 26 20 24 26 21 23 25 24 25 23 26 27 20 22 30
35 23 17 16 17 21 19 18 24 19 15 22 19 20 16 21 22 23 22 16 20 15 18 13 16 23 21 16 23 14 21 21 24 14 24 23 21 16 14 16 24 15 19 19 19 18 14 22 16 22 20 23 17 21 19 20 16 23 24 20 15 18 17 17 24 19 19 24 14 17 17 16 16 22 18 17 21 22 18 24 18 24 23 24 15 24 24 20 15 16 20 21 23 16 15 17 23 18 24 22 22
36 31 30 41 35 36 39 44 26 33 35 38 37 35 28 29 40 28 38 35 43 30 30 37 26 36 39 39 39 26 25 27 34 30 27 33 26 34 37 38 29 37 44 33 28 30 45 33 31 32 27 30 25 45 27 44 38 27 38 41 26 31 39 27 38 27 28 34 34 29 40 42 30 38 25 42 43 31 43 43 36 27 40 28 44 41 27 39 45 30 42 43 32 25 34 42 41 34 27 36 27
37 44 50 41 52 36 48 49 60 40 59 41 35 43 61 33 59 34 35 56 61 55 58 41 52 49 44 60 54 56 56 40 37 54 37 47 49 53 46 51 55 50 36 33 40 58 34 33 34 37 44 58 59 60 40 51 54 34 41 43 44 58 37 34 57 38 51 58 57 45 59 37 38 55 33 48 36 39 43 51 41 52 33 52 48 45 45 38 33 42 45 39 43 35 44 51 40 50 48 35 37
38 31 28 20 18 18 29 19 22 28 24 31 30 20 26 29 18 26 24 30 29 31 24 26 17 19 27 21 21 21 21 25 19 26 20 22 29 24 19 22 22 23 20 23 18 22 18 29 22 19 23 26 22 23 29 28 30 27 25 31 19 26 25 29 22 24 17 18 21 18 25 23 19 24 27 30 19 26 18 30 26 22 28 25 30 27 21 21 30 21 28 19 30 27 24 21 27 20 21 30 27
39 36 53 49 41 49 48 55 36 45 44 50 44 38 42 37 52 49 53 37 46 43 53 51 32 48 57 43 42 44 53 49 47 37 37 34 51 35 54 50 41 53 48 37 44 46 48 44 53 49 50 34 57 47 33 33 47 32 46 49 32 50 53 43 42 54 47 32 58 49 52 54 52 36 55 46 42 39 45 34 46 55 47 33 51 53 48 51 55 52 52 39 37 47 43 47 52 51 51 48 53
40 32 28 42 41 38 41 47 45 49 35 36 43 43 47 43 34 31 50 46 49 41 46 40 43 50 36 35 35 42 33 43 36 45 30 41 33 43 34 36 43 50 47 42 44 48 36 39 43 48 45 37 47 35 32 40 37 35 37 43 27 35 42 45 35 42 29 41 47 39 27 43 28 35 28 27 28 47 30 33 50 48 29 41 36 32 44 41 46 39 51 30 36 38 48 37 50 31 40 31 33;
param maxIb: 1 :=
1 18
2 46
3 53
4 18
5 21
6 64
7 33
8 59
9 48
10 22
11 51
12 39
13 43
14 13
15 57
16 36
17 48
18 39
19 39
20 51
21 42
22 18
23 21
24 47
25 42
26 47
27 17
28 16
29 42
30 13
31 16
32 61
33 52
34 31
35 25
36 46
37 61
38 31
39 59
40 51;
param tempoe=0.005264;
