param nvertices=10; #numero de vertices
param ndemandas=40; #numero de demandas
param capacidadeij: 1 2 3 4 5 6 7 8 9 10 :=
 1 100 100 100 100 100 100 100 100 100 100
2 100 100 100 100 100 100 100 100 100 100
3 100 100 100 100 100 100 100 100 100 100
4 100 100 100 100 100 100 100 100 100 100
5 100 100 100 100 100 100 100 100 100 100
6 100 100 100 100 100 100 100 100 100 100
7 100 100 100 100 100 100 100 100 100 100
8 100 100 100 100 100 100 100 100 100 100
9 100 100 100 100 100 100 100 100 100 100
10 100 100 100 100 100 100 100 100 100 100; #Capacidade de banda de comunicacao de cada arco
param Adj: 1 2 3 4 5 6 7 8 9 10 := 
1 0 0 1 0 0 1 1 1 0 1
2 0 0 0 1 1 0 1 0 1 1
3 1 0 0 1 0 1 1 0 0 1
4 0 1 1 0 0 0 1 0 0 0
5 0 1 0 0 0 0 0 0 1 1
6 1 0 1 0 0 0 0 1 0 1
7 1 1 1 1 0 0 0 0 0 0
8 1 0 0 0 0 1 0 0 0 1
9 0 1 0 0 1 0 0 0 0 0
10 1 1 1 0 1 1 0 1 0 0;  #Matriz de adjacencia da topologia
param I: 1 2 3 :=
1 3.000000 8.000000 17.000000
2 8.000000 3.000000 14.000000
3 2.000000 5.000000 19.000000
4 5.000000 3.000000 19.000000
5 2.000000 10.000000 18.000000
6 4.000000 7.000000 16.000000
7 7.000000 4.000000 11.000000
8 4.000000 2.000000 17.000000
9 4.000000 10.000000 12.000000
10 9.000000 6.000000 15.000000
11 10.000000 9.000000 16.000000
12 5.000000 10.000000 11.000000
13 3.000000 4.000000 14.000000
14 10.000000 6.000000 16.000000
15 2.000000 8.000000 13.000000
16 6.000000 8.000000 18.000000
17 2.000000 4.000000 16.000000
18 5.000000 9.000000 17.000000
19 8.000000 10.000000 13.000000
20 6.000000 4.000000 14.000000
21 10.000000 2.000000 16.000000
22 4.000000 7.000000 16.000000
23 9.000000 4.000000 14.000000
24 1.000000 2.000000 18.000000
25 2.000000 4.000000 16.000000
26 9.000000 1.000000 19.000000
27 2.000000 4.000000 17.000000
28 3.000000 4.000000 13.000000
29 10.000000 9.000000 14.000000
30 7.000000 5.000000 16.000000
31 10.000000 8.000000 16.000000
32 1.000000 5.000000 11.000000
33 2.000000 1.000000 19.000000
34 1.000000 2.000000 17.000000
35 5.000000 6.000000 14.000000
36 7.000000 4.000000 14.000000
37 6.000000 10.000000 14.000000
38 7.000000 1.000000 12.000000
39 8.000000 10.000000 10.000000
40 4.000000 7.000000 13.000000;
param Ib: 1 2 3 4 5 6 7 8 9 10 11 12 13 14 15 16 17 18 19 20 21 22 23 24 25 26 27 28 29 30 31 32 33 34 35 36 37 38 39 40 41 42 43 44 45 46 47 48 49 50 51 52 53 54 55 56 57 58 59 60 61 62 63 64 65 66 67 68 69 70 71 72 73 74 75 76 77 78 79 80 81 82 83 84 85 86 87 88 89 90 91 92 93 94 95 96 97 98 99 100 :=
1 31 51 22 55 21 62 62 22 40 29 33 54 62 45 48 30 32 53 60 27 31 50 40 58 48 33 34 25 37 54 44 52 49 24 29 56 24 31 23 31 53 55 39 37 52 30 28 50 32 22 42 40 50 55 49 31 42 41 36 62 36 33 58 33 30 24 26 51 47 52 58 60 50 59 30 22 62 60 63 21 53 40 43 36 50 62 43 50 24 61 27 39 22 59 41 57 61 51 51 36
2 20 16 19 37 16 26 30 22 36 26 22 32 20 22 29 27 24 18 19 34 14 23 35 19 28 21 24 34 36 15 25 34 21 14 31 19 38 33 27 19 31 22 27 29 16 20 19 22 36 27 37 38 36 18 22 37 27 34 28 28 20 37 27 24 24 14 32 13 22 15 28 35 19 33 14 38 16 16 36 33 35 27 23 19 21 37 33 18 31 36 30 20 23 15 21 36 38 18 23 21
3 24 56 40 31 35 52 36 46 47 21 36 57 42 47 45 22 54 34 46 42 40 49 34 33 41 21 59 54 59 23 52 35 35 55 58 30 41 57 30 37 32 36 22 45 60 31 51 30 35 28 38 28 41 43 43 61 51 24 61 61 33 22 38 55 44 46 36 61 31 22 58 29 56 58 36 36 34 46 27 51 52 35 50 28 54 30 51 25 44 57 28 47 42 23 33 50 21 21 32 41
4 53 49 30 38 22 53 24 32 51 56 47 55 56 23 23 27 23 21 29 58 45 37 60 45 56 36 28 58 48 40 34 24 39 25 23 57 49 26 23 22 20 46 52 52 36 41 52 51 50 48 32 22 31 22 33 52 34 41 57 32 42 52 23 31 20 60 41 31 36 53 31 21 49 56 45 52 31 24 49 29 23 26 23 34 56 32 28 30 56 22 37 46 32 25 58 55 36 58 21 32
5 60 45 29 67 55 47 60 36 59 29 42 58 47 30 35 30 26 30 59 38 49 67 70 54 24 28 30 29 46 54 28 67 35 55 35 33 24 55 64 58 58 69 58 54 64 56 55 42 69 53 33 56 54 70 49 68 40 30 48 54 28 63 61 40 59 45 25 69 65 50 39 35 43 35 24 27 48 27 28 46 29 40 58 46 34 39 28 36 56 49 68 68 27 58 32 52 52 41 51 26
6 57 32 55 28 27 58 28 24 27 38 28 26 57 20 22 44 39 48 47 20 45 53 44 51 57 33 38 42 52 21 44 47 40 31 45 50 43 56 25 28 42 38 52 35 51 34 30 56 53 49 56 23 45 31 48 21 52 44 28 33 58 43 32 36 33 54 47 27 50 20 56 32 24 52 31 42 54 23 36 26 48 55 46 33 57 39 48 28 20 36 39 58 56 43 25 26 44 39 55 34
7 45 54 48 66 65 63 33 38 45 60 65 30 68 59 39 45 42 26 33 40 34 53 29 59 55 35 68 33 30 36 38 49 50 48 42 40 62 60 54 46 62 57 55 34 31 40 26 33 49 42 69 42 33 35 48 64 49 65 65 38 69 58 64 49 33 53 40 54 36 69 23 32 32 55 29 55 26 56 64 44 24 65 65 30 36 59 69 62 59 54 49 31 50 38 38 31 30 35 31 53
8 9 9 14 7 12 10 16 14 12 13 15 12 6 10 10 6 16 8 11 15 10 12 16 15 8 7 10 16 16 7 15 16 14 15 10 11 10 12 13 9 14 15 9 12 12 12 16 10 13 7 11 14 16 12 16 8 14 8 12 8 13 9 15 16 16 9 15 12 7 15 13 11 6 11 6 10 11 8 10 6 12 13 13 7 16 10 13 10 7 13 10 6 12 6 14 16 15 9 11 9
9 10 12 12 12 13 13 12 16 11 8 9 15 15 9 15 15 8 6 8 10 9 7 16 14 14 10 6 8 9 12 14 8 13 11 14 13 12 13 6 7 9 16 14 9 6 6 15 12 15 13 13 15 9 11 6 10 14 6 13 12 10 10 6 8 12 14 14 15 16 10 11 14 15 10 11 13 11 16 13 13 15 11 12 9 10 15 11 7 11 9 15 7 11 9 7 8 12 16 14 12
10 19 31 32 39 43 21 22 15 16 15 33 30 31 20 36 29 33 41 24 39 18 37 17 16 34 19 26 18 19 15 18 16 19 19 15 36 42 26 35 24 26 28 41 34 41 32 20 22 35 16 17 38 17 23 40 28 24 32 41 37 38 26 39 26 23 17 37 31 32 15 33 18 37 37 28 39 26 27 29 40 19 20 39 26 15 31 37 26 28 32 40 22 39 37 40 30 20 16 29 18
11 26 52 43 30 37 50 31 49 35 22 31 33 39 23 34 44 52 24 37 30 21 36 54 47 34 51 24 28 40 48 19 44 39 22 37 33 38 34 34 27 19 33 51 42 46 39 31 43 41 33 20 30 24 22 27 30 26 21 41 41 37 29 53 49 41 46 25 25 36 37 18 25 35 42 49 21 28 33 26 37 21 25 18 32 37 25 53 39 52 46 25 46 41 40 29 48 35 38 47 49
12 23 29 17 19 24 39 33 15 29 17 23 29 34 30 17 24 45 30 39 28 42 34 37 17 37 19 20 33 21 26 32 34 40 28 29 35 28 42 36 32 32 27 18 35 38 23 31 43 28 42 39 37 33 22 21 24 23 43 39 33 25 41 15 26 41 38 44 17 24 29 28 22 31 38 19 36 32 33 21 41 40 19 33 20 32 43 20 38 20 42 38 24 45 20 34 22 28 30 30 17
13 34 39 35 33 55 43 49 28 50 57 52 57 39 49 59 55 42 50 46 45 50 32 23 33 24 42 27 56 60 23 58 37 38 46 46 54 59 60 60 44 45 55 34 57 44 49 24 41 35 27 50 28 35 42 59 47 36 22 45 43 43 34 43 47 26 23 34 58 44 54 21 31 58 31 27 31 38 25 27 57 32 43 36 28 45 39 53 57 26 48 46 58 30 37 33 44 33 30 49 29
14 9 9 16 20 19 14 18 9 22 8 20 13 15 22 9 14 19 15 11 14 19 18 22 12 12 11 12 9 9 21 9 22 11 19 10 16 21 22 18 10 15 17 13 17 19 21 11 12 18 17 19 18 19 16 10 20 22 11 16 13 15 14 10 13 22 16 11 14 20 8 9 20 15 15 13 13 12 8 9 12 16 11 11 18 15 9 18 10 16 14 22 19 17 19 9 8 20 11 9 11
15 38 48 31 36 32 30 45 19 48 29 49 50 36 28 52 49 51 48 42 50 39 54 30 40 52 26 20 55 47 23 33 44 47 20 22 45 46 40 38 55 33 53 34 38 50 49 40 32 25 50 52 41 44 22 27 37 40 24 36 40 40 52 46 51 42 34 27 48 52 23 37 25 38 32 28 24 54 37 44 22 45 30 39 21 47 36 43 50 42 52 32 30 36 39 24 19 43 20 49 26
16 12 23 30 10 19 15 25 20 20 29 25 23 13 12 15 29 12 25 28 26 23 19 18 18 10 14 12 16 30 14 10 17 17 18 26 21 28 15 18 27 24 29 21 12 12 28 10 17 27 17 12 28 19 25 11 26 21 10 21 29 11 28 23 13 10 24 21 14 24 18 11 23 17 25 22 24 12 24 11 12 27 26 13 30 27 12 12 27 18 16 15 27 24 20 25 25 16 15 27 24
17 20 25 12 12 11 14 17 12 24 15 14 18 22 19 15 11 15 22 9 18 15 19 24 24 21 21 19 21 11 13 22 10 12 22 12 23 11 10 19 14 17 24 18 13 12 12 18 15 18 20 18 21 25 20 20 25 24 11 24 14 10 19 15 24 23 11 25 11 23 14 14 23 20 16 9 25 10 23 22 15 18 16 17 18 20 14 25 25 14 11 11 25 10 13 23 11 10 12 15 12
18 41 42 20 34 37 26 30 42 25 28 26 33 24 40 23 51 37 31 49 38 33 45 18 36 23 30 49 17 22 19 35 44 44 45 44 51 30 42 51 29 45 51 41 35 28 50 20 23 22 51 29 21 40 31 21 18 20 38 44 44 41 26 19 33 45 22 25 41 44 40 51 28 26 48 37 20 21 25 30 33 46 51 43 40 37 44 50 39 20 29 44 39 17 42 34 38 41 26 37 46
19 45 39 32 30 54 40 31 27 51 33 34 64 67 44 52 25 55 59 28 56 61 54 28 46 34 42 44 63 49 54 51 33 43 56 62 32 23 32 63 36 28 28 24 59 42 56 41 65 26 55 65 42 27 45 60 49 55 33 31 67 46 34 29 47 50 62 51 55 38 61 58 61 56 63 39 59 62 43 61 37 60 25 46 67 57 38 31 40 46 61 64 61 55 54 61 44 32 54 34 48
20 19 18 15 20 21 11 26 11 26 14 18 21 26 10 14 14 26 11 17 27 15 12 12 16 21 16 26 10 24 14 21 19 11 18 17 13 19 27 12 22 15 12 13 21 11 19 18 11 25 14 11 10 21 11 25 13 20 28 23 11 11 18 14 13 19 19 11 17 23 15 13 10 24 11 21 11 22 25 26 21 28 27 26 10 14 28 23 16 13 12 18 27 21 23 22 21 28 20 19 25
21 24 26 30 18 16 14 29 19 19 22 17 12 18 29 31 33 33 24 13 28 21 12 24 29 26 12 23 24 31 28 13 27 15 20 14 29 24 28 14 13 31 27 26 16 12 27 22 21 32 18 23 25 13 18 13 30 12 21 27 22 30 26 25 16 19 18 16 28 17 14 12 22 17 22 25 22 33 13 21 20 21 12 26 14 31 24 21 27 16 27 13 16 16 23 24 16 32 28 12 23
22 14 15 9 8 13 10 6 7 15 12 9 11 16 10 13 16 15 12 14 11 12 10 8 11 15 13 16 12 10 10 7 8 8 11 12 8 12 13 14 9 16 15 10 13 15 14 7 8 9 8 9 12 15 6 14 14 16 15 15 11 8 15 8 12 13 6 11 7 12 13 9 15 11 7 12 10 9 11 11 11 12 15 9 16 15 15 11 16 14 9 13 10 9 12 6 14 12 7 12 15
23 24 32 23 35 46 35 35 42 37 35 26 48 33 26 29 39 43 35 29 33 42 24 32 22 19 42 28 31 32 17 35 24 41 31 18 39 26 44 30 42 46 41 26 20 20 23 49 42 34 46 22 47 34 31 23 45 32 41 22 38 43 31 17 33 28 48 39 39 39 39 39 44 39 45 36 44 18 24 21 29 33 20 36 34 41 30 32 30 32 49 49 24 43 34 43 20 20 20 31 32
24 53 25 48 35 29 50 50 38 39 65 39 25 54 62 44 46 60 38 52 65 42 44 27 50 35 60 33 30 47 32 56 28 23 52 34 26 29 56 31 34 30 36 58 62 27 37 24 60 64 64 24 53 65 50 46 44 51 35 49 56 59 55 64 60 46 36 59 45 50 24 36 29 65 33 32 60 61 45 29 42 33 33 42 64 28 47 55 23 66 54 59 54 42 51 31 66 53 28 40 53
25 21 17 20 10 12 24 17 24 11 22 13 10 21 16 12 19 13 24 11 23 20 15 13 19 20 12 17 25 21 19 13 14 23 11 24 23 21 24 19 21 15 11 20 24 15 22 12 23 24 14 22 23 21 21 19 15 23 9 23 9 16 20 23 23 11 16 10 22 15 11 15 12 16 12 12 9 16 11 18 15 25 19 16 13 25 18 12 18 17 22 11 11 13 12 24 22 21 21 15 12
26 63 57 42 54 68 24 55 56 56 29 37 64 67 59 59 31 44 26 47 68 53 67 51 33 36 59 66 47 35 35 56 62 27 69 47 36 56 70 46 48 36 31 61 55 48 65 25 42 60 46 59 33 29 63 39 30 66 31 61 46 57 44 49 70 44 65 61 33 60 58 67 50 39 61 37 58 55 46 48 70 52 40 68 41 25 27 38 65 61 25 61 69 50 50 37 46 58 30 27 35
27 34 67 62 28 43 23 66 60 63 26 59 60 60 67 24 62 55 26 44 45 41 53 34 44 48 48 40 45 29 43 58 39 31 43 54 67 54 37 46 63 41 63 36 62 49 26 52 40 52 28 52 57 38 49 67 61 24 49 24 32 58 50 55 52 26 62 66 38 44 42 60 39 56 53 60 49 28 49 62 24 66 43 42 34 24 47 33 28 48 47 57 51 57 24 29 40 25 65 45 33
28 7 7 8 15 7 11 12 11 11 14 7 15 8 14 7 13 11 9 12 9 12 15 10 14 8 10 6 10 10 12 8 8 6 10 7 7 10 6 8 13 10 13 10 7 7 11 13 11 11 10 14 14 9 6 13 15 13 7 10 8 16 12 6 10 10 15 11 6 15 6 7 9 7 13 10 15 11 11 13 15 6 11 15 16 12 7 13 16 16 6 16 10 8 11 15 8 8 6 6 16
29 17 14 14 26 15 12 11 24 19 25 23 12 9 15 18 9 17 26 16 12 25 27 12 23 21 26 13 24 13 24 16 21 9 20 15 15 18 24 17 20 11 14 20 18 25 16 16 22 14 23 10 9 16 24 19 16 16 10 15 12 10 10 11 16 21 24 23 18 15 16 24 17 19 26 14 26 15 18 18 27 10 14 14 11 10 18 16 24 17 22 22 17 15 15 27 27 18 15 15 26
30 14 32 19 26 30 33 34 23 23 35 39 25 22 31 21 18 34 34 22 27 20 29 20 31 19 38 39 22 29 19 17 29 16 31 22 26 30 32 33 28 26 18 33 17 34 39 30 24 25 22 24 17 19 35 21 14 31 18 26 37 26 29 34 21 18 37 35 34 18 39 23 19 30 28 23 16 34 39 14 32 34 32 23 14 22 20 16 36 24 18 16 36 30 30 20 36 37 39 32 35
31 13 13 11 12 8 9 8 10 16 16 13 9 10 6 12 11 7 10 12 7 15 12 15 7 11 7 9 7 13 6 8 13 7 6 6 10 9 14 16 8 14 7 16 13 14 9 16 11 12 13 16 10 10 10 14 13 6 8 7 9 7 6 9 7 15 8 12 8 15 11 11 16 9 13 16 9 11 8 7 8 12 7 15 16 10 10 10 15 7 16 16 11 9 6 10 16 12 10 14 12
32 24 41 28 40 45 47 26 47 36 32 45 37 27 29 25 31 34 21 31 41 22 41 41 44 41 47 21 21 43 38 17 17 24 31 48 36 24 43 34 38 44 35 40 32 18 22 43 17 35 34 18 44 40 29 39 19 35 21 36 45 20 47 19 16 45 43 20 46 45 17 32 47 24 22 40 20 19 19 45 40 23 17 42 37 39 44 21 30 44 24 34 32 32 45 17 47 40 28 22 46
33 41 30 39 42 35 26 36 26 41 26 22 43 18 22 47 27 46 38 18 22 17 30 25 37 33 35 36 28 34 33 19 40 44 17 27 40 39 39 43 17 31 37 18 43 28 21 35 30 26 36 19 34 33 30 21 44 33 47 31 29 42 41 40 19 31 24 47 18 35 18 40 21 31 19 26 33 32 30 29 30 36 38 31 41 22 20 35 29 37 22 24 29 43 45 44 18 30 34 45 38
34 11 11 10 10 21 19 13 9 16 15 21 22 12 16 22 9 14 18 22 12 23 21 16 21 15 18 14 8 16 14 19 23 10 13 23 19 24 12 13 15 23 11 19 22 11 14 8 22 13 21 17 12 21 23 12 18 22 20 13 15 22 12 15 13 23 10 14 14 14 22 13 14 17 10 17 24 12 13 10 23 9 9 18 13 13 24 21 19 16 14 11 8 12 16 16 15 8 16 17 20
35 31 52 47 32 55 35 47 50 45 50 49 24 38 23 38 26 34 56 34 24 24 46 31 50 40 50 42 53 41 40 37 32 54 32 38 30 51 26 47 30 41 33 29 28 40 27 25 49 39 21 44 35 47 41 53 40 32 19 52 48 34 31 26 50 42 47 47 21 24 41 33 22 38 52 33 28 55 26 33 42 42 20 57 27 51 23 48 48 24 36 23 38 27 33 28 55 23 47 53 45
36 18 31 12 24 28 18 29 19 13 27 11 19 15 15 23 15 25 19 26 27 21 12 18 22 23 26 16 20 11 21 28 18 26 11 30 22 21 12 16 19 12 27 23 29 17 14 28 26 13 20 23 22 24 22 31 21 17 20 15 29 31 15 15 28 30 27 18 18 13 16 25 23 21 22 20 25 23 19 26 29 18 14 22 21 31 16 14 15 31 21 12 19 30 29 20 25 30 26 25 22
37 12 20 18 10 20 17 13 17 8 20 18 13 19 16 13 8 13 14 18 18 13 15 12 8 12 11 21 17 16 15 19 9 13 15 20 18 20 8 11 16 8 14 18 12 11 17 11 12 9 20 9 10 8 11 12 16 15 13 16 10 9 10 17 20 7 15 10 18 14 15 18 11 14 20 17 10 10 15 21 8 18 15 13 12 15 18 20 11 11 8 16 21 20 14 10 14 16 13 14 16
38 14 21 22 9 15 12 12 8 12 14 19 9 10 17 10 18 13 17 18 16 11 13 17 14 14 20 9 18 20 17 14 16 10 12 14 18 16 21 13 16 18 18 21 10 21 8 8 12 13 18 14 11 10 8 21 11 22 14 15 14 15 10 9 20 21 21 17 11 8 17 13 20 18 17 17 15 10 10 10 18 13 18 16 22 20 22 17 22 12 22 18 8 12 13 22 17 20 14 17 22
39 13 11 14 13 10 7 11 15 6 11 16 15 9 15 16 13 9 15 16 12 13 9 15 13 9 13 16 6 11 9 10 15 7 15 6 15 11 13 16 6 7 15 13 8 8 10 7 6 15 13 14 12 13 12 10 15 11 16 11 6 9 14 12 14 11 11 10 10 16 11 12 9 10 9 11 14 6 9 11 12 14 10 10 7 10 10 11 8 7 16 10 12 7 14 12 6 14 8 10 16
40 40 30 34 29 27 28 48 27 40 19 23 32 28 23 28 50 23 28 41 43 29 19 51 25 51 38 19 52 31 29 35 29 39 38 25 34 43 41 51 38 38 31 47 50 22 28 28 22 18 44 50 26 26 20 43 18 37 26 43 52 42 43 34 37 28 36 22 46 23 20 35 25 49 39 48 27 47 40 25 40 44 22 49 25 24 51 51 36 24 41 36 32 49 25 36 21 21 39 26 38;
param maxIb: 1 :=
1 63
2 39
3 62
4 60
5 71
6 59
7 69
8 17
9 17
10 44
11 54
12 45
13 62
14 23
15 56
16 30
17 26
18 51
19 68
20 29
21 33
22 17
23 50
24 66
25 26
26 71
27 68
28 17
29 27
30 41
31 17
32 48
33 48
34 24
35 57
36 32
37 21
38 23
39 17
40 53;
param tempoe=0.000662;
