param nvertices=10; #numero de vertices
param ndemandas=40; #numero de demandas
param capacidadeij: 1 2 3 4 5 6 7 8 9 10 :=
 1 100 100 100 100 100 100 100 100 100 100
2 100 100 100 100 100 100 100 100 100 100
3 100 100 100 100 100 100 100 100 100 100
4 100 100 100 100 100 100 100 100 100 100
5 100 100 100 100 100 100 100 100 100 100
6 100 100 100 100 100 100 100 100 100 100
7 100 100 100 100 100 100 100 100 100 100
8 100 100 100 100 100 100 100 100 100 100
9 100 100 100 100 100 100 100 100 100 100
10 100 100 100 100 100 100 100 100 100 100; #Capacidade de banda de comunicacao de cada arco
param Adj: 1 2 3 4 5 6 7 8 9 10 := 
1 0 0 0 0 0 1 0 0 1 1
2 0 0 1 0 1 0 0 0 0 1
3 0 1 0 1 1 0 0 1 0 0
4 0 0 1 0 0 0 1 1 0 0
5 0 1 1 0 0 0 0 0 0 1
6 1 0 0 0 0 0 0 0 0 1
7 0 0 0 1 0 0 0 1 1 0
8 0 0 1 1 0 0 1 0 0 0
9 1 0 0 0 0 0 1 0 0 1
10 1 1 0 0 1 1 0 0 1 0;  #Matriz de adjacencia da topologia
param I: 1 2 3 :=
1 8.000000 2.000000 16.000000
2 10.000000 7.000000 10.000000
3 6.000000 9.000000 17.000000
4 10.000000 7.000000 19.000000
5 5.000000 4.000000 17.000000
6 5.000000 8.000000 11.000000
7 2.000000 7.000000 18.000000
8 2.000000 1.000000 13.000000
9 10.000000 4.000000 15.000000
10 4.000000 1.000000 14.000000
11 6.000000 8.000000 16.000000
12 6.000000 5.000000 16.000000
13 10.000000 1.000000 18.000000
14 2.000000 9.000000 12.000000
15 2.000000 10.000000 18.000000
16 7.000000 4.000000 15.000000
17 4.000000 6.000000 18.000000
18 3.000000 9.000000 16.000000
19 4.000000 8.000000 13.000000
20 2.000000 6.000000 12.000000
21 10.000000 2.000000 15.000000
22 6.000000 8.000000 17.000000
23 10.000000 1.000000 19.000000
24 3.000000 8.000000 19.000000
25 4.000000 6.000000 19.000000
26 3.000000 7.000000 11.000000
27 3.000000 2.000000 14.000000
28 9.000000 10.000000 19.000000
29 8.000000 4.000000 13.000000
30 9.000000 5.000000 19.000000
31 5.000000 8.000000 13.000000
32 8.000000 10.000000 19.000000
33 10.000000 5.000000 13.000000
34 6.000000 7.000000 17.000000
35 8.000000 4.000000 16.000000
36 2.000000 4.000000 16.000000
37 8.000000 7.000000 13.000000
38 6.000000 7.000000 12.000000
39 10.000000 6.000000 15.000000
40 10.000000 9.000000 11.000000;
param Ib: 1 2 3 4 5 6 7 8 9 10 11 12 13 14 15 16 17 18 19 20 21 22 23 24 25 26 27 28 29 30 31 32 33 34 35 36 37 38 39 40 41 42 43 44 45 46 47 48 49 50 51 52 53 54 55 56 57 58 59 60 61 62 63 64 65 66 67 68 69 70 71 72 73 74 75 76 77 78 79 80 81 82 83 84 85 86 87 88 89 90 91 92 93 94 95 96 97 98 99 100 :=
1 17 9 7 9 19 18 8 19 16 13 13 13 10 13 10 19 7 11 15 13 18 14 18 14 18 7 8 12 10 9 12 8 12 13 18 18 12 13 7 14 13 11 9 13 17 12 18 9 18 17 11 19 15 18 12 17 14 15 12 13 15 19 10 17 12 10 9 13 10 16 9 12 9 9 19 19 13 19 7 9 11 10 15 7 14 10 7 9 12 9 13 19 12 12 14 10 15 19 12 17
2 33 37 59 20 41 37 52 33 44 47 31 26 57 30 44 56 57 59 43 23 36 24 30 50 20 29 22 50 56 24 28 31 59 52 51 48 38 48 22 53 24 21 57 34 22 41 38 32 58 50 59 42 34 50 53 56 54 54 47 51 52 56 54 56 29 31 25 36 55 33 54 35 55 25 40 46 35 32 56 59 35 35 54 26 43 40 29 29 28 47 50 41 25 35 30 42 53 36 59 20
3 21 21 23 19 17 9 16 10 9 13 14 14 14 10 19 18 13 13 24 16 16 14 13 15 17 15 19 11 14 21 10 20 21 21 9 11 13 12 20 11 20 11 10 16 14 9 12 11 10 22 9 24 16 25 21 13 15 12 18 11 21 23 19 10 14 13 25 22 24 12 9 14 15 20 16 10 24 12 17 20 18 18 15 25 23 10 10 14 12 9 15 22 25 17 24 9 14 21 10 9
4 12 20 19 33 22 13 23 33 23 34 21 26 13 27 24 13 34 21 32 15 16 33 31 13 22 26 14 21 29 20 16 22 19 23 32 19 31 21 19 23 30 18 22 25 18 13 18 20 24 30 19 27 20 28 18 33 32 13 20 26 31 16 32 29 13 30 17 24 21 34 31 19 28 31 31 24 27 13 33 13 22 14 28 15 27 14 27 16 30 14 24 32 30 19 25 13 32 24 28 23
5 10 6 11 10 6 10 14 7 14 10 15 6 6 6 15 12 15 6 16 12 6 15 7 13 11 11 10 16 6 13 12 16 13 15 12 14 13 9 14 6 10 6 9 10 13 10 7 16 13 6 10 6 6 15 16 6 15 12 16 12 11 11 11 12 12 11 16 12 7 10 9 6 12 15 7 16 14 15 12 11 7 11 6 10 16 13 14 7 15 9 13 14 12 9 9 14 8 6 6 7
6 15 31 35 16 27 25 25 41 29 36 28 33 16 22 28 23 39 19 36 19 25 39 35 33 17 38 30 21 31 22 37 41 30 28 39 33 29 26 30 15 35 31 17 36 37 40 26 31 23 36 38 31 21 23 23 18 42 37 23 31 15 41 18 38 40 34 15 22 17 37 25 23 19 18 25 30 33 20 28 32 42 30 20 26 15 19 21 18 19 27 33 20 38 27 18 38 37 36 28 25
7 30 40 34 28 42 29 18 32 24 30 18 42 24 26 18 34 42 33 34 32 38 24 35 32 35 18 38 38 22 17 15 32 42 41 21 26 26 37 17 40 33 15 30 19 17 25 29 36 38 34 42 26 34 35 40 35 23 32 16 27 28 34 31 17 18 26 35 24 42 41 21 39 30 22 28 24 18 31 40 40 28 31 40 41 28 43 31 34 34 35 37 39 35 17 20 21 33 18 23 26
8 35 17 41 42 42 18 22 37 38 19 19 37 19 37 15 31 18 21 34 15 25 20 18 32 15 40 29 31 29 14 35 40 41 25 23 27 23 30 30 38 32 34 26 26 38 20 17 39 20 40 33 16 40 16 37 20 41 21 31 27 14 40 20 21 28 30 17 25 20 20 27 31 24 15 14 20 37 18 16 36 33 32 24 26 19 23 37 20 42 20 38 25 21 31 19 27 30 27 22 35
9 28 32 20 29 22 33 29 25 20 33 40 29 35 41 37 33 16 18 31 23 33 36 19 17 18 14 33 14 23 17 14 26 30 38 34 24 33 18 22 37 19 30 20 36 36 22 19 41 24 14 31 26 41 28 39 32 21 20 41 32 17 16 24 42 33 25 26 35 28 19 21 39 30 23 21 29 23 27 26 19 31 23 37 16 32 21 24 26 39 24 32 25 29 26 17 41 27 32 16 21
10 34 34 54 39 38 40 30 60 40 51 42 36 39 48 56 61 23 43 55 39 53 33 48 21 43 53 39 21 40 34 40 30 47 42 61 26 56 44 29 28 52 31 41 24 27 23 52 43 46 21 53 21 21 61 31 37 28 37 50 45 44 50 27 30 61 42 56 22 36 52 39 60 38 59 33 36 30 30 32 58 38 49 25 29 45 47 46 59 49 59 59 32 32 58 37 57 26 44 38 42
11 15 10 7 5 7 7 9 14 6 10 12 13 13 13 14 15 12 8 10 6 7 7 7 6 11 12 11 13 11 14 13 10 10 5 9 10 12 5 9 6 9 12 11 11 14 13 13 13 8 11 6 14 8 5 7 14 9 6 11 9 6 12 12 6 9 7 14 6 13 10 13 7 9 8 11 5 13 10 14 7 9 6 14 12 7 6 7 15 12 11 11 9 7 11 12 8 5 8 13 6
12 42 45 32 37 46 33 67 63 23 50 49 34 42 30 29 32 46 66 51 39 69 41 47 25 23 45 38 31 42 26 33 45 55 64 46 45 32 48 44 33 27 43 33 24 63 49 56 44 53 36 37 30 49 25 30 65 43 57 46 38 55 24 61 24 27 53 42 47 54 59 31 60 66 46 46 69 24 54 43 52 31 31 25 57 26 28 58 62 41 33 50 57 67 41 55 43 59 55 60 68
13 21 11 17 19 12 14 16 22 15 24 15 13 14 22 12 16 25 23 10 15 16 15 13 22 19 18 22 26 11 26 23 14 22 14 26 12 20 18 25 23 25 14 23 9 10 18 16 16 14 22 14 12 14 23 11 26 17 10 10 23 13 10 20 15 21 10 19 17 24 16 19 17 26 15 20 12 13 26 12 21 21 12 20 10 21 12 21 22 16 20 12 11 21 26 13 21 20 22 20 15
14 30 14 18 25 25 17 28 15 22 29 17 29 28 29 18 29 30 19 27 25 15 15 23 18 28 20 17 12 19 20 26 26 27 24 20 29 12 29 12 28 11 11 30 27 17 28 31 20 30 23 29 23 12 25 16 28 30 12 19 31 12 25 27 19 21 27 24 12 19 20 17 27 30 19 19 15 32 20 32 27 28 32 18 28 18 30 12 30 11 12 32 24 13 23 22 12 13 28 17 22
15 24 32 15 22 15 33 31 36 19 28 23 35 31 39 26 38 27 39 18 24 21 29 24 18 32 15 38 17 35 36 38 39 40 37 37 15 34 16 19 30 29 22 33 17 32 30 30 40 29 17 26 36 31 14 18 16 23 34 23 29 27 23 40 16 19 25 40 36 36 37 32 28 38 26 22 26 25 34 26 20 29 40 40 21 15 29 40 17 30 25 26 30 23 26 34 34 26 17 19 34
16 33 29 18 18 27 28 21 35 16 29 32 28 20 26 28 19 23 26 37 29 28 26 26 25 24 21 27 13 15 31 36 22 31 14 20 19 31 16 20 35 19 35 19 26 32 22 19 19 27 36 28 24 20 31 37 32 36 29 23 17 13 30 33 34 23 36 36 21 14 18 30 14 20 17 24 30 26 13 23 25 27 17 37 36 15 35 21 14 17 24 16 17 20 26 14 36 24 30 30 31
17 7 10 14 19 17 8 17 10 19 8 16 8 11 19 12 14 14 18 9 7 12 19 12 17 13 9 8 7 13 8 16 16 13 16 10 12 16 14 8 16 13 8 17 16 9 9 11 16 14 15 17 14 14 10 15 13 14 10 19 9 15 19 9 7 19 9 16 10 7 12 16 17 17 12 12 14 16 8 14 12 15 10 7 10 15 7 9 17 11 14 13 18 7 11 14 10 13 10 16 12
18 20 28 37 52 48 31 22 45 46 52 27 24 24 24 43 18 18 46 36 51 29 22 18 30 31 40 21 45 51 43 38 24 25 46 29 38 34 33 20 23 18 42 51 21 44 27 41 51 26 43 40 28 46 24 29 30 25 49 27 21 34 33 38 50 42 43 52 40 24 26 23 52 27 36 27 36 49 32 39 42 27 33 29 40 40 38 33 33 31 48 50 32 36 24 49 51 36 23 39 19
19 24 26 20 27 27 15 24 14 20 30 11 28 25 18 22 20 16 17 25 22 30 11 29 14 28 28 24 27 32 16 26 11 14 22 13 12 27 19 11 25 21 12 28 16 25 23 16 17 16 32 27 14 20 11 32 28 21 28 23 21 17 25 16 31 14 14 17 24 29 33 24 13 33 25 23 22 31 26 31 13 25 26 32 18 33 12 12 22 29 26 20 14 26 12 12 16 20 21 21 22
20 9 15 13 14 14 9 16 9 10 14 15 7 13 14 13 6 14 7 7 10 13 12 10 8 10 6 11 8 16 17 13 11 16 9 9 8 16 15 15 9 6 12 18 18 14 13 13 7 14 9 12 7 9 12 13 15 14 12 8 9 16 18 11 14 9 6 17 8 15 15 15 15 12 14 11 13 8 15 10 15 7 7 14 8 7 12 7 17 17 6 17 7 14 16 12 17 7 8 11 11
21 50 52 24 59 51 40 35 64 23 33 64 63 64 33 47 26 62 46 62 26 22 25 57 25 61 44 26 36 59 45 52 55 40 41 22 59 42 57 56 42 54 35 44 64 44 59 47 61 53 27 57 33 56 60 58 40 22 61 36 61 59 43 24 23 64 50 63 40 31 28 30 58 40 29 45 59 35 24 55 59 62 22 55 36 41 29 24 59 58 64 52 40 62 47 34 39 56 28 61 22
22 61 51 54 31 34 43 61 51 60 61 42 52 46 53 27 21 27 26 34 35 60 50 25 31 45 57 46 44 47 36 26 39 40 49 57 51 32 44 47 31 33 40 61 30 33 22 21 35 45 41 42 62 49 28 30 54 25 37 53 27 54 37 22 45 46 26 48 25 23 37 26 56 28 25 51 49 26 25 61 22 50 52 42 24 30 31 37 54 40 37 60 59 36 31 41 62 55 32 39 57
23 47 24 50 42 20 42 48 35 24 24 38 30 50 50 26 19 19 33 45 21 37 19 44 20 43 37 44 36 44 32 35 43 23 34 41 37 44 21 29 46 44 29 33 34 44 32 33 26 25 50 35 46 34 37 40 31 52 30 42 21 26 52 21 28 25 32 35 49 33 44 47 18 52 33 39 28 29 44 34 38 26 31 42 52 35 43 50 20 34 21 25 23 27 19 50 38 27 31 34 44
24 54 44 51 57 42 28 42 37 31 40 24 26 24 35 38 24 51 56 35 26 29 35 27 52 21 50 26 32 23 56 43 24 45 51 44 48 20 50 22 44 39 34 32 43 24 34 45 55 20 29 55 56 29 36 37 20 50 53 31 30 29 28 35 40 49 34 50 46 44 37 40 53 36 31 45 24 46 31 34 39 57 31 46 26 38 39 28 56 31 31 35 21 31 46 51 38 21 48 31 33
25 10 22 12 16 9 8 16 20 16 17 8 10 22 21 19 13 17 10 21 9 12 13 19 15 16 21 22 17 16 22 11 9 11 15 16 22 16 22 17 11 8 19 10 15 14 12 16 12 19 8 17 10 19 19 22 17 16 9 16 9 16 20 11 15 9 21 11 21 9 17 12 10 18 11 18 20 12 16 8 22 16 11 12 13 10 16 21 10 21 14 8 19 14 18 12 9 9 11 12 21
26 21 43 36 43 27 28 33 47 42 23 48 27 23 24 21 33 28 52 21 20 32 42 25 29 52 47 44 21 33 50 28 44 26 52 33 27 43 18 18 18 25 47 41 38 40 37 44 47 52 20 34 52 29 43 24 36 52 43 22 21 34 19 45 28 27 19 44 31 41 48 49 31 28 37 30 21 40 48 33 30 47 48 49 29 40 43 51 23 37 47 51 18 47 34 28 21 37 52 43 24
27 19 39 52 52 48 38 21 41 19 26 54 43 36 29 30 47 35 21 48 21 26 44 39 29 31 29 20 27 29 53 27 20 31 29 48 30 33 51 23 35 41 31 27 37 54 49 27 29 31 24 22 35 48 38 25 43 42 32 41 46 47 36 22 23 50 45 53 42 41 21 28 52 26 20 54 51 42 39 49 26 50 19 23 39 27 54 41 51 23 38 34 20 50 45 52 19 24 35 31 51
28 42 56 70 65 73 32 64 40 48 52 34 70 60 42 59 38 69 52 52 65 43 36 51 30 52 37 64 67 26 34 60 45 33 48 63 72 55 58 67 48 29 47 61 66 44 50 71 66 42 45 64 52 57 57 60 30 49 36 49 26 44 35 57 68 73 30 35 72 67 73 65 26 36 31 31 61 59 69 70 27 44 38 27 38 72 64 48 62 73 36 58 43 52 39 60 52 44 72 60 59
29 31 56 34 71 38 30 29 47 41 40 39 35 60 69 39 58 58 45 63 45 40 26 61 48 65 72 67 29 64 38 26 72 29 62 66 62 39 45 28 45 71 50 30 53 46 36 47 47 73 40 45 28 42 36 61 36 73 44 73 44 32 72 65 62 52 65 37 51 32 71 34 54 28 55 38 44 57 61 69 33 50 56 36 66 34 71 32 63 32 46 65 57 73 38 65 69 52 35 69 32
30 11 10 12 14 7 7 13 9 13 13 6 7 13 11 8 10 5 13 15 6 7 15 8 11 14 6 5 14 8 13 10 6 14 13 14 12 7 15 13 12 6 10 9 15 14 11 13 7 15 8 11 6 7 14 10 6 12 9 11 14 6 7 12 15 14 7 14 14 9 9 12 9 6 7 14 13 6 13 5 7 6 11 9 13 8 8 6 10 8 9 6 9 9 13 11 5 8 10 12 12
31 18 11 14 20 9 17 13 9 13 14 9 20 16 11 21 13 16 10 18 14 9 13 13 13 14 8 14 14 12 15 16 21 17 12 13 13 12 18 19 11 17 20 20 18 17 11 12 9 14 18 13 10 12 10 10 14 14 18 10 16 16 11 16 8 15 14 21 14 16 15 21 15 9 18 12 12 7 21 10 14 17 10 17 8 19 10 21 7 14 19 11 8 12 8 17 16 9 10 16 10
32 63 29 30 43 42 61 64 35 56 24 34 50 63 29 24 34 49 22 48 47 45 60 36 61 31 22 38 55 42 34 60 51 51 51 59 56 32 54 33 45 57 34 27 60 39 26 28 54 38 60 59 54 63 34 48 51 33 57 48 38 64 32 49 22 53 47 41 48 30 38 52 42 52 56 53 52 38 52 31 62 51 53 60 41 26 60 56 33 23 54 63 61 47 42 25 31 43 66 61 43
33 15 18 33 41 20 18 16 33 26 25 25 20 41 17 18 41 25 41 36 23 40 28 33 40 31 26 29 41 20 30 30 32 36 39 21 22 33 18 26 30 40 35 29 37 31 18 19 24 21 26 33 33 18 32 18 39 16 39 33 35 18 27 15 21 27 37 33 34 25 30 30 42 42 41 27 18 36 28 22 36 30 35 42 32 29 35 38 35 30 23 30 19 23 25 38 37 22 25 41 40
34 46 23 29 49 36 20 23 29 21 32 43 20 22 39 37 30 26 37 37 41 51 30 43 37 37 52 51 31 44 19 31 27 40 34 25 39 27 22 18 29 48 18 24 51 25 20 23 42 29 49 43 41 20 43 30 31 45 36 49 38 44 43 36 19 40 37 22 41 44 29 28 35 27 34 43 35 36 38 49 33 27 34 37 37 45 52 37 43 19 26 28 50 39 29 42 26 36 50 50 28
35 24 39 46 47 35 52 57 35 46 44 30 41 29 47 29 57 44 47 48 55 45 47 32 21 28 27 44 45 55 27 40 58 50 42 30 54 31 52 24 58 35 53 40 54 49 29 57 25 30 51 26 48 42 26 55 30 51 24 35 55 32 31 55 20 26 58 51 23 24 25 23 23 23 54 27 58 38 22 46 56 50 24 51 49 30 39 36 29 38 28 43 22 21 45 28 26 51 47 41 50
36 14 14 10 22 20 16 14 18 16 17 11 14 18 21 17 8 10 9 19 8 22 18 11 9 20 18 9 9 18 14 22 16 18 21 15 19 12 13 9 14 16 14 20 12 12 21 22 14 10 15 20 12 11 12 18 22 19 22 13 10 19 17 21 16 11 8 18 14 9 11 17 20 8 9 9 16 17 22 20 8 9 22 13 10 11 14 18 18 14 14 22 22 22 10 20 14 12 10 8 19
37 24 30 38 24 31 31 33 21 37 19 22 18 15 36 25 38 17 19 24 34 15 17 37 25 14 16 20 23 28 24 26 16 23 28 28 29 39 36 30 30 28 39 36 22 22 29 14 31 23 23 34 21 37 39 31 33 34 18 14 32 18 27 14 29 16 19 29 30 24 35 15 35 27 18 14 29 33 25 34 25 31 22 35 23 21 25 22 21 33 30 28 33 25 31 19 24 32 18 16 32
38 23 32 35 41 37 29 16 41 37 30 33 27 23 30 29 15 39 34 16 40 26 16 36 22 16 37 19 15 20 22 33 18 25 26 24 31 39 34 38 30 23 21 23 35 36 39 18 24 41 33 32 25 28 26 15 31 19 26 30 20 35 22 40 42 35 22 24 42 24 37 27 40 33 18 24 25 39 34 39 37 25 28 39 17 16 24 22 29 40 23 16 40 36 38 28 28 21 31 40 37
39 9 7 14 14 7 14 16 9 14 8 9 9 8 6 12 10 7 9 16 15 13 6 11 16 9 13 9 11 11 14 9 16 15 15 13 16 13 11 6 14 16 10 11 8 9 11 13 14 11 11 13 14 11 16 9 16 7 16 6 14 11 10 6 15 12 9 10 7 10 11 14 7 6 12 14 7 16 7 13 13 16 14 11 11 13 10 7 7 8 14 6 12 11 10 7 13 11 7 6 15
40 33 21 17 15 14 28 13 34 12 13 29 19 16 14 25 29 26 34 17 20 19 28 20 25 30 12 15 15 23 32 34 20 18 19 33 16 13 15 26 33 25 18 23 14 30 15 26 25 18 31 29 26 16 16 22 20 34 24 18 33 16 33 18 18 30 32 31 27 30 31 32 26 25 23 31 15 15 14 15 26 13 25 23 23 23 23 21 28 24 12 17 15 22 17 23 13 18 24 26 29;
param maxIb: 1 :=
1 1.950000e+01
2 60
3 2.550000e+01
4 3.450000e+01
5 1.650000e+01
6 42
7 4.350000e+01
8 42
9 42
10 6.150000e+01
11 15
12 69
13 27
14 33
15 4.050000e+01
16 3.750000e+01
17 1.950000e+01
18 5.250000e+01
19 33
20 18
21 6.450000e+01
22 63
23 5.250000e+01
24 5.850000e+01
25 2.250000e+01
26 5.250000e+01
27 54
28 7.350000e+01
29 7.350000e+01
30 15
31 21
32 66
33 42
34 5.250000e+01
35 5.850000e+01
36 2.250000e+01
37 39
38 42
39 1.650000e+01
40 3.450000e+01;
param tempoe=0.000432;
