param nvertices=10; #numero de vertices
param ndemandas=40; #numero de demandas
param capacidadeij: 1 2 3 4 5 6 7 8 9 10 :=
 1 100 100 100 100 100 100 100 100 100 100
2 100 100 100 100 100 100 100 100 100 100
3 100 100 100 100 100 100 100 100 100 100
4 100 100 100 100 100 100 100 100 100 100
5 100 100 100 100 100 100 100 100 100 100
6 100 100 100 100 100 100 100 100 100 100
7 100 100 100 100 100 100 100 100 100 100
8 100 100 100 100 100 100 100 100 100 100
9 100 100 100 100 100 100 100 100 100 100
10 100 100 100 100 100 100 100 100 100 100; #Capacidade de banda de comunicacao de cada arco
param Adj: 1 2 3 4 5 6 7 8 9 10 := 
1 0 0 1 0 0 1 1 1 0 1
2 0 0 0 1 1 0 1 0 1 1
3 1 0 0 1 0 1 1 0 0 1
4 0 1 1 0 0 0 1 0 0 0
5 0 1 0 0 0 0 0 0 1 1
6 1 0 1 0 0 0 0 1 0 1
7 1 1 1 1 0 0 0 0 0 0
8 1 0 0 0 0 1 0 0 0 1
9 0 1 0 0 1 0 0 0 0 0
10 1 1 1 0 1 1 0 1 0 0;  #Matriz de adjacencia da topologia
param I: 1 2 3 :=
1 8.000000 1.000000 18.000000
2 3.000000 4.000000 15.000000
3 2.000000 3.000000 15.000000
4 2.000000 5.000000 12.000000
5 3.000000 7.000000 11.000000
6 3.000000 5.000000 15.000000
7 6.000000 3.000000 18.000000
8 6.000000 5.000000 15.000000
9 1.000000 4.000000 16.000000
10 4.000000 5.000000 10.000000
11 10.000000 7.000000 18.000000
12 10.000000 6.000000 11.000000
13 4.000000 5.000000 19.000000
14 3.000000 6.000000 10.000000
15 10.000000 8.000000 16.000000
16 9.000000 7.000000 13.000000
17 5.000000 8.000000 17.000000
18 2.000000 7.000000 12.000000
19 5.000000 3.000000 14.000000
20 9.000000 6.000000 16.000000
21 4.000000 8.000000 12.000000
22 4.000000 9.000000 14.000000
23 5.000000 6.000000 10.000000
24 3.000000 8.000000 18.000000
25 2.000000 7.000000 16.000000
26 1.000000 2.000000 15.000000
27 6.000000 2.000000 17.000000
28 8.000000 7.000000 15.000000
29 3.000000 5.000000 18.000000
30 4.000000 7.000000 14.000000
31 5.000000 2.000000 17.000000
32 2.000000 5.000000 17.000000
33 7.000000 8.000000 18.000000
34 9.000000 7.000000 13.000000
35 8.000000 7.000000 13.000000
36 8.000000 3.000000 16.000000
37 9.000000 1.000000 12.000000
38 5.000000 1.000000 13.000000
39 1.000000 7.000000 15.000000
40 1.000000 2.000000 14.000000;
param Ib: 1 2 3 4 5 6 7 8 9 10 11 12 13 14 15 16 17 18 19 20 21 22 23 24 25 26 27 28 29 30 31 32 33 34 35 36 37 38 39 40 41 42 43 44 45 46 47 48 49 50 51 52 53 54 55 56 57 58 59 60 61 62 63 64 65 66 67 68 69 70 71 72 73 74 75 76 77 78 79 80 81 82 83 84 85 86 87 88 89 90 91 92 93 94 95 96 97 98 99 100 :=
1 17 25 24 19 18 15 16 16 25 16 16 19 22 19 26 18 26 20 24 24 21 25 19 19 17 23 16 16 26 20 23 20 23 21 19 18 19 17 17 22 19 18 25 20 17 19 16 26 23 27 20 26 20 20 24 25 25 21 15 19 19 26 26 26 15 16 22 24 21 24 21 20 15 23 19 17 18 25 20 17 23 17 26 15 20 17 23 22 23 24 16 25 18 24 23 20 15 26 23 21
2 24 31 42 30 40 32 31 34 26 44 43 31 36 39 36 36 30 30 42 34 31 33 43 42 40 25 32 30 32 33 33 25 28 37 34 43 33 43 42 43 41 24 40 35 38 29 43 31 25 32 36 24 43 26 26 27 28 28 28 37 27 30 38 37 28 27 38 27 41 31 37 40 25 26 29 44 36 37 42 35 34 43 28 36 38 35 42 30 36 25 33 42 33 39 37 42 28 29 41 41
3 21 19 25 17 20 16 15 26 24 22 20 16 22 18 16 23 21 22 20 14 23 16 22 20 17 20 14 19 25 19 20 18 17 22 18 22 16 22 22 21 18 23 17 20 15 15 17 17 17 17 24 15 15 18 25 22 21 14 23 23 20 23 16 18 22 24 25 25 15 21 19 16 19 19 23 25 16 23 17 24 21 18 15 16 19 22 23 14 14 20 18 21 15 15 20 19 21 26 19 15
4 17 18 14 16 20 22 13 19 20 15 20 19 16 23 19 22 23 13 23 13 21 22 18 17 15 22 17 18 19 14 13 22 14 15 19 21 19 23 22 18 18 23 19 18 20 22 18 17 16 20 16 20 17 13 23 22 23 13 16 14 14 23 17 21 20 23 16 23 16 16 18 18 14 14 16 23 22 18 18 22 15 14 19 14 14 18 15 21 16 22 19 17 17 19 15 13 21 18 21 18
5 15 11 14 17 17 13 13 16 18 18 17 14 17 14 13 16 19 11 14 12 15 19 18 18 17 17 16 18 17 19 16 11 11 19 12 11 15 15 19 13 18 18 13 12 19 16 11 19 14 15 15 12 11 13 17 12 16 16 19 14 13 11 13 14 15 14 14 15 19 12 13 11 13 17 15 14 17 19 19 17 18 15 11 16 14 19 19 14 12 16 18 11 13 14 19 12 15 16 15 11
6 30 25 33 40 42 35 44 43 34 29 30 43 34 28 31 42 28 39 39 36 29 42 34 38 43 29 32 28 32 43 42 35 37 26 34 31 27 37 36 33 34 45 30 26 45 45 32 30 42 29 28 32 35 45 39 45 41 28 43 34 31 28 28 34 36 37 26 35 35 44 45 44 44 41 31 42 29 45 30 29 27 27 31 43 40 36 42 37 40 36 29 40 33 41 33 26 40 42 44 31
7 60 60 47 59 49 49 45 38 61 37 46 51 62 38 56 38 40 46 59 38 54 51 45 36 42 38 58 39 63 54 52 46 61 59 56 40 49 59 55 56 59 59 49 49 36 51 57 64 34 44 63 51 39 63 35 62 58 44 62 58 39 36 62 63 46 38 58 53 46 35 37 55 38 54 39 56 61 37 35 36 41 37 46 60 41 53 41 42 38 56 62 41 38 39 50 60 39 46 38 34
8 28 27 30 29 23 36 29 37 39 30 27 34 34 41 33 40 29 28 38 30 37 35 28 35 41 39 38 35 38 40 40 35 27 28 38 38 29 28 40 29 36 37 23 37 31 26 34 39 37 40 24 40 22 35 39 37 36 23 37 27 38 34 27 37 25 24 31 31 29 27 40 36 32 32 25 34 25 35 24 39 39 33 33 23 29 23 32 41 22 28 27 27 34 31 37 31 24 34 27 40
9 34 54 40 48 49 53 55 46 45 33 40 46 48 32 53 53 54 42 51 49 51 40 45 43 35 41 53 55 49 37 34 38 32 49 47 40 56 49 53 33 47 43 55 43 49 40 37 56 36 38 40 45 45 45 32 42 41 33 35 41 37 38 48 49 44 40 40 30 51 31 36 31 35 46 51 38 38 54 55 52 50 41 35 37 49 50 33 32 52 44 30 34 54 45 49 51 32 47 31 56
10 42 40 58 60 35 48 49 43 51 35 54 39 45 53 43 48 46 36 58 56 61 41 62 44 51 45 59 41 46 38 42 60 42 60 38 57 39 48 50 49 39 37 41 47 39 45 57 58 40 49 47 40 40 52 40 43 39 38 42 43 42 53 56 47 34 34 54 36 54 46 62 41 46 54 61 39 50 37 51 45 34 61 51 53 59 45 52 37 56 42 47 59 44 42 55 40 36 45 34 59
11 37 29 25 25 39 31 33 35 25 24 40 33 35 30 30 29 31 29 35 36 33 25 36 24 26 35 37 27 25 27 39 30 37 40 40 41 34 32 26 38 32 27 27 27 25 41 39 30 37 23 34 35 23 30 25 41 36 22 29 33 35 23 26 36 29 24 23 39 28 32 31 39 26 36 23 27 35 24 41 33 34 27 41 38 38 29 24 25 23 31 29 33 30 34 37 37 30 31 40 32
12 52 32 32 51 34 45 54 38 31 39 41 46 34 38 54 40 31 37 34 54 44 49 37 42 54 47 39 45 51 48 32 52 44 36 50 39 31 42 48 30 38 40 30 37 48 49 51 37 45 34 43 46 54 43 47 50 48 37 32 32 32 30 40 52 50 31 51 49 30 33 32 50 33 38 31 41 54 42 32 33 43 55 48 43 44 40 54 30 44 39 54 47 45 31 41 39 34 40 32 52
13 19 24 19 23 24 23 17 25 23 16 23 25 24 14 20 20 22 16 18 17 21 25 21 26 16 19 17 23 21 17 25 20 17 14 26 15 23 15 20 15 23 25 14 16 22 16 22 20 15 21 21 25 17 22 17 22 17 24 23 18 18 26 17 15 23 17 17 21 15 16 20 18 17 21 25 23 26 23 17 23 21 18 19 20 18 15 23 22 18 19 21 17 17 24 20 25 21 23 23 15
14 33 25 32 30 29 21 35 34 22 27 26 22 30 29 27 26 30 33 21 30 23 26 29 37 29 33 31 33 24 32 27 25 34 21 23 36 29 29 37 34 26 27 34 37 27 36 38 37 25 21 22 29 31 26 37 22 26 34 33 33 32 37 26 33 30 22 29 23 37 36 34 31 24 25 23 32 24 30 37 25 37 28 32 22 23 29 27 32 23 30 23 32 25 25 37 37 26 36 26 26
15 21 17 28 18 22 17 26 17 29 21 28 29 25 19 20 21 30 23 19 17 22 17 25 29 26 29 24 22 24 26 19 29 25 28 22 24 19 26 18 30 30 17 27 18 28 24 22 20 26 21 30 22 29 27 19 21 16 19 27 25 23 17 29 19 20 24 29 29 30 19 18 26 20 18 19 25 18 26 27 22 24 27 29 25 20 26 20 18 27 28 29 22 16 23 28 26 18 18 29 26
16 11 9 11 8 8 11 12 12 8 12 9 13 8 7 7 8 8 11 9 11 8 12 12 9 11 8 9 12 10 11 10 11 8 12 11 12 7 13 10 8 11 10 8 10 11 8 12 11 12 8 11 13 11 10 12 12 12 11 10 9 9 8 9 10 9 9 12 8 9 9 10 10 9 12 10 13 12 13 8 11 11 7 11 13 12 12 9 10 8 11 13 12 11 13 12 12 10 10 10 13
17 21 30 33 25 32 35 31 31 36 24 32 23 23 20 30 21 26 35 36 33 22 33 32 21 29 26 30 31 26 34 24 32 31 30 34 27 21 24 31 21 32 27 20 35 34 27 30 33 22 36 26 26 35 21 24 29 22 35 27 22 21 24 25 26 35 25 34 27 35 26 30 31 23 29 26 35 27 22 29 31 25 30 31 33 21 20 24 21 32 25 23 30 31 31 22 31 30 29 29 33
18 28 24 30 31 31 33 38 22 37 21 21 21 27 37 22 29 32 32 30 25 38 28 28 37 30 35 34 33 37 22 30 26 30 37 30 36 32 36 32 21 30 32 38 28 37 24 35 33 39 26 31 31 23 37 28 30 38 36 33 27 31 36 24 34 30 26 35 32 36 37 30 30 25 31 39 21 27 37 23 31 24 32 35 37 28 38 38 31 24 24 35 38 34 32 23 27 26 28 22 30
19 29 25 22 16 25 22 18 25 25 26 17 28 18 19 17 22 21 30 20 22 18 21 21 18 28 18 17 29 23 24 27 29 24 17 18 30 20 17 17 18 27 18 26 18 21 19 16 28 20 17 24 25 21 17 18 27 27 18 17 17 24 23 20 27 27 19 30 22 22 25 23 30 19 26 28 29 26 25 20 25 26 21 19 18 20 20 23 26 20 18 23 26 18 18 20 19 25 18 25 30
20 35 35 55 53 31 46 54 30 38 51 47 34 42 50 44 52 47 39 48 53 43 47 50 32 32 49 36 49 39 46 41 50 31 54 41 53 54 43 42 36 52 37 50 41 38 39 46 45 43 44 30 33 50 38 45 41 39 40 45 43 45 52 36 45 43 38 32 53 50 32 35 35 50 49 43 44 49 44 41 46 45 45 35 46 46 42 32 37 47 37 54 39 50 41 30 48 50 44 42 49
21 36 38 30 33 37 31 34 38 45 32 32 42 35 37 46 33 38 39 31 41 37 30 27 35 27 37 28 26 44 41 43 26 43 43 39 30 38 34 27 44 43 25 36 29 26 26 34 28 37 40 39 46 34 46 33 44 46 30 35 40 35 33 42 45 30 39 43 45 45 41 43 46 35 45 37 29 27 31 33 28 33 29 25 27 36 44 45 33 34 40 26 36 44 44 40 47 29 47 35 41
22 30 29 32 31 37 37 26 25 26 43 42 28 34 35 32 40 35 35 43 35 30 35 32 30 25 37 38 45 26 27 30 36 40 39 31 40 42 43 34 45 39 36 28 36 42 36 38 31 37 37 40 43 40 29 38 44 38 26 27 39 41 42 41 36 40 30 27 41 30 37 39 32 32 40 34 38 44 25 40 27 43 33 41 34 42 37 39 38 44 25 45 44 36 32 25 25 36 32 37 39
23 31 38 32 38 32 33 31 53 46 53 55 47 32 34 38 55 51 30 37 40 42 34 39 36 40 42 41 35 44 43 48 41 41 53 50 47 44 51 36 48 51 55 41 42 35 45 40 34 34 39 36 55 39 44 47 52 38 54 40 32 33 55 53 31 41 53 47 37 48 38 42 34 48 30 34 51 54 55 31 41 42 44 36 53 51 38 53 37 47 45 54 31 32 32 32 39 31 45 47 54
24 21 30 32 29 32 22 22 23 26 30 28 24 20 21 27 28 22 32 32 32 24 27 19 31 24 29 34 32 26 19 26 25 27 29 25 32 35 25 27 31 24 21 32 31 24 21 22 23 21 19 31 27 27 30 27 23 22 25 29 21 24 32 24 35 25 28 24 19 30 25 35 33 33 24 33 33 27 31 28 24 29 26 26 22 19 31 21 23 26 24 21 33 24 29 30 23 19 32 22 21
25 35 32 46 33 32 37 50 38 32 47 38 46 49 36 31 29 46 29 51 42 46 38 49 41 47 41 30 46 45 29 38 36 30 47 45 36 50 42 29 28 38 45 29 45 47 37 39 30 43 47 30 38 28 50 51 44 31 29 34 46 37 32 28 45 30 51 50 48 49 40 42 34 48 44 30 35 47 28 31 51 28 47 31 28 48 43 41 50 47 50 42 47 35 44 48 34 43 43 32 48
26 21 29 26 31 29 28 20 21 32 30 24 23 21 23 22 30 30 26 25 32 22 32 29 21 24 31 35 26 31 25 26 32 34 31 29 28 27 25 33 27 29 29 22 34 33 21 24 28 23 26 21 28 20 25 27 28 33 19 29 30 20 31 28 19 32 28 34 23 20 34 35 33 31 24 26 28 26 32 23 29 35 24 34 29 25 27 27 26 31 21 29 33 21 31 31 19 33 34 21 26
27 44 44 52 52 51 52 55 60 44 52 38 45 43 47 52 63 47 52 57 37 63 50 55 56 35 43 44 61 63 39 38 43 38 34 55 58 49 52 55 41 53 46 45 44 54 51 59 63 35 54 52 50 56 55 59 41 60 46 57 47 50 44 62 50 36 60 53 57 46 60 40 47 53 40 58 44 37 44 53 52 55 42 41 43 42 48 58 58 51 44 47 52 56 40 53 55 39 40 49 36
28 34 45 34 49 49 49 36 34 29 47 30 48 29 47 49 46 34 42 46 40 44 35 36 44 44 29 30 32 49 28 41 27 47 40 30 39 27 39 40 34 41 39 36 34 40 41 37 27 36 47 28 32 28 46 44 33 49 48 42 36 46 41 37 37 31 31 37 37 30 32 38 46 49 49 45 35 43 28 47 32 42 40 38 29 33 39 38 46 32 31 41 28 27 42 39 48 49 36 35 29
29 21 38 37 22 25 27 34 35 31 27 26 30 29 22 32 23 24 26 22 32 37 30 24 33 33 34 31 37 32 25 31 29 28 31 28 25 24 26 23 30 37 33 27 22 37 32 26 34 23 37 36 37 33 29 28 34 37 22 23 30 35 31 31 30 36 35 22 21 31 36 31 31 32 22 27 22 24 28 29 35 38 23 24 26 27 25 25 30 26 26 33 38 28 21 29 24 34 23 26 31
30 39 60 36 43 62 44 38 37 45 35 61 46 44 48 47 45 57 43 50 40 59 47 42 53 48 61 43 49 40 38 39 50 41 50 35 35 34 49 54 45 49 59 60 39 55 62 60 58 51 41 37 43 51 41 36 37 52 53 54 38 54 50 41 35 40 48 60 34 61 43 46 42 42 47 44 51 41 61 52 60 42 58 60 56 37 55 43 34 49 45 47 57 42 44 37 36 55 34 58 41
31 19 29 22 32 34 26 26 22 33 30 34 31 23 31 28 32 30 32 21 33 31 28 24 22 25 29 34 24 34 29 20 25 30 30 24 32 31 28 19 35 29 35 29 32 20 33 20 35 24 20 22 30 35 30 23 23 28 19 25 31 19 26 19 35 28 23 28 23 29 20 22 35 26 31 35 23 24 24 19 32 23 29 21 19 19 24 28 34 23 29 33 23 26 23 33 26 33 26 26 25
32 39 35 32 29 37 27 37 29 30 34 30 25 28 27 39 34 25 33 23 30 36 25 36 25 35 38 36 25 28 22 39 37 40 29 23 37 29 34 31 34 22 25 22 25 36 23 24 30 39 38 28 39 28 24 34 23 37 31 31 30 25 25 36 34 32 33 27 29 30 36 30 38 37 30 33 36 28 31 35 36 26 32 25 25 25 29 40 28 30 34 31 31 27 38 22 36 23 26 22 33
33 29 29 32 36 37 37 41 30 45 30 39 27 48 45 35 37 30 39 37 35 39 28 29 32 40 40 34 41 45 44 47 33 43 33 46 41 40 27 39 37 45 34 32 38 31 41 36 48 49 36 30 27 27 47 30 45 47 29 45 40 44 45 40 42 36 45 45 28 48 31 41 47 44 40 27 36 33 28 27 43 48 35 34 37 44 49 36 35 41 35 44 40 47 28 42 43 38 28 47 35
34 26 35 29 34 38 31 31 30 36 42 37 40 27 43 44 47 35 34 40 44 45 35 33 28 38 42 31 37 37 31 27 25 37 45 26 45 34 36 27 37 34 40 33 44 41 39 36 29 42 27 30 32 40 36 44 36 31 41 42 29 27 37 35 37 43 27 40 41 34 26 31 33 36 34 43 32 28 46 45 31 25 30 44 44 28 45 45 31 39 37 44 38 25 32 46 35 28 28 41 41
35 30 33 32 50 41 31 39 52 49 52 42 41 48 40 52 36 49 52 48 55 35 49 38 40 52 46 52 52 35 56 55 35 51 42 34 43 43 39 31 47 54 49 54 44 52 43 43 55 51 54 46 36 54 46 40 37 56 39 39 47 50 53 55 50 39 43 41 42 31 55 42 52 55 35 32 31 52 32 54 31 32 40 43 52 53 39 54 51 39 38 45 51 42 55 43 35 38 43 53 33
36 45 38 41 34 43 39 42 44 41 40 42 38 46 51 50 40 49 55 54 37 35 41 59 49 44 48 42 40 49 45 43 34 42 46 34 54 57 50 32 33 42 56 35 34 48 51 35 38 37 53 54 56 44 39 49 38 56 35 49 54 37 57 36 55 40 44 47 54 50 36 47 55 39 51 43 34 40 54 39 49 35 44 33 39 57 34 58 47 37 33 41 46 49 42 49 59 35 48 50 46
37 35 39 40 29 37 26 31 42 26 43 43 42 38 38 43 25 40 41 37 26 36 28 29 25 37 41 38 31 42 25 32 28 32 42 43 33 42 25 28 30 33 34 34 35 40 39 33 42 41 23 29 26 31 38 33 37 29 25 42 32 25 43 41 30 33 29 28 40 24 28 42 40 28 24 41 40 36 31 33 27 27 24 23 37 28 37 26 29 23 30 37 35 24 38 35 35 38 29 41 27
38 31 42 38 47 32 36 43 29 41 42 47 34 40 46 41 25 34 39 41 32 39 27 38 28 44 41 37 35 46 46 46 45 31 29 26 46 29 40 42 40 45 30 37 26 30 34 34 29 30 26 33 44 35 45 28 36 27 29 37 34 34 29 43 31 32 45 42 33 34 38 43 30 27 38 27 44 28 33 43 35 46 35 29 33 28 26 44 38 41 36 34 34 28 38 37 45 43 45 43 37
39 36 37 54 60 51 48 41 39 56 35 50 39 45 37 51 47 47 60 59 33 38 52 43 50 58 57 36 37 46 33 53 51 38 40 46 57 49 58 53 36 52 36 41 38 34 39 42 52 61 55 42 40 52 36 46 42 48 42 57 40 39 33 38 47 61 46 47 50 51 59 42 48 44 52 36 56 53 36 37 35 43 50 58 49 47 54 40 57 35 42 39 55 57 59 59 56 58 33 61 48
40 39 34 30 43 39 33 35 28 26 31 28 41 40 30 40 31 41 39 30 37 32 41 27 40 32 32 25 38 42 33 29 39 25 39 39 43 26 25 41 35 34 31 38 36 36 43 34 32 43 38 32 41 32 32 44 27 41 36 40 38 27 31 43 34 26 25 24 39 26 31 34 29 40 35 35 37 32 29 38 39 30 43 43 40 33 32 41 36 36 30 42 27 38 33 35 39 40 32 30 41;
param maxIb: 1 :=
1 27
2 44
3 26
4 23
5 20
6 46
7 64
8 42
9 56
10 62
11 42
12 55
13 26
14 38
15 30
16 13
17 36
18 39
19 30
20 55
21 47
22 46
23 56
24 35
25 52
26 35
27 64
28 49
29 38
30 62
31 35
32 40
33 49
34 47
35 56
36 60
37 43
38 47
39 61
40 44;
param tempoe=0.000332;
