param nvertices=10; #numero de vertices
param ndemandas=40; #numero de demandas
param capacidadeij: 1 2 3 4 5 6 7 8 9 10 :=
 1 100 100 100 100 100 100 100 100 100 100
2 100 100 100 100 100 100 100 100 100 100
3 100 100 100 100 100 100 100 100 100 100
4 100 100 100 100 100 100 100 100 100 100
5 100 100 100 100 100 100 100 100 100 100
6 100 100 100 100 100 100 100 100 100 100
7 100 100 100 100 100 100 100 100 100 100
8 100 100 100 100 100 100 100 100 100 100
9 100 100 100 100 100 100 100 100 100 100
10 100 100 100 100 100 100 100 100 100 100; #Capacidade de banda de comunicacao de cada arco
param Adj: 1 2 3 4 5 6 7 8 9 10 := 
1 0 0 1 0 0 1 1 1 0 1
2 0 0 0 1 1 0 1 0 1 1
3 1 0 0 1 0 1 1 0 0 1
4 0 1 1 0 0 0 1 0 0 0
5 0 1 0 0 0 0 0 0 1 1
6 1 0 1 0 0 0 0 1 0 1
7 1 1 1 1 0 0 0 0 0 0
8 1 0 0 0 0 1 0 0 0 1
9 0 1 0 0 1 0 0 0 0 0
10 1 1 1 0 1 1 0 1 0 0;  #Matriz de adjacencia da topologia
param I: 1 2 3 :=
1 3.000000 4.000000 13.000000
2 9.000000 6.000000 18.000000
3 5.000000 2.000000 19.000000
4 7.000000 2.000000 13.000000
5 2.000000 7.000000 17.000000
6 2.000000 3.000000 16.000000
7 6.000000 4.000000 11.000000
8 4.000000 1.000000 19.000000
9 3.000000 6.000000 13.000000
10 1.000000 2.000000 13.000000
11 3.000000 1.000000 18.000000
12 4.000000 3.000000 10.000000
13 2.000000 7.000000 18.000000
14 7.000000 8.000000 18.000000
15 5.000000 1.000000 16.000000
16 5.000000 9.000000 14.000000
17 6.000000 7.000000 13.000000
18 7.000000 4.000000 16.000000
19 8.000000 1.000000 12.000000
20 8.000000 6.000000 14.000000
21 8.000000 9.000000 19.000000
22 1.000000 4.000000 17.000000
23 3.000000 4.000000 18.000000
24 10.000000 3.000000 12.000000
25 10.000000 4.000000 12.000000
26 5.000000 1.000000 13.000000
27 7.000000 10.000000 19.000000
28 1.000000 7.000000 15.000000
29 1.000000 3.000000 10.000000
30 8.000000 2.000000 14.000000
31 1.000000 9.000000 19.000000
32 8.000000 1.000000 12.000000
33 7.000000 2.000000 14.000000
34 7.000000 9.000000 12.000000
35 10.000000 1.000000 13.000000
36 1.000000 4.000000 17.000000
37 7.000000 2.000000 13.000000
38 7.000000 2.000000 18.000000
39 7.000000 8.000000 14.000000
40 1.000000 9.000000 14.000000;
param Ib: 1 2 3 4 5 6 7 8 9 10 11 12 13 14 15 16 17 18 19 20 21 22 23 24 25 26 27 28 29 30 31 32 33 34 35 36 37 38 39 40 41 42 43 44 45 46 47 48 49 50 51 52 53 54 55 56 57 58 59 60 61 62 63 64 65 66 67 68 69 70 71 72 73 74 75 76 77 78 79 80 81 82 83 84 85 86 87 88 89 90 91 92 93 94 95 96 97 98 99 100 :=
1 19 18 22 16 27 14 23 12 16 20 11 28 29 29 26 18 28 29 26 16 18 14 22 10 14 21 15 29 16 21 26 16 30 23 18 19 25 26 25 11 13 28 20 22 15 16 25 13 26 19 22 28 25 29 29 28 16 11 10 24 13 23 14 25 16 20 12 29 23 14 27 27 25 14 22 16 27 12 17 19 21 26 12 27 24 13 27 19 28 22 29 20 26 28 19 18 16 21 10 11
2 11 10 9 6 6 7 8 9 7 9 8 14 11 14 15 9 6 10 15 9 8 6 10 8 8 12 12 12 10 7 10 6 5 9 7 13 11 7 12 6 13 14 12 14 5 11 10 8 14 14 6 13 10 7 8 6 10 10 11 7 7 15 6 7 6 6 9 8 11 15 5 13 14 6 13 15 15 11 9 14 9 12 6 8 12 14 13 14 13 15 8 7 8 9 8 9 8 14 14 7
3 18 27 27 40 21 24 17 27 35 26 27 33 32 42 42 41 43 43 21 35 29 44 22 36 29 17 31 42 38 42 37 23 20 23 18 19 19 43 30 44 15 26 30 32 25 15 39 36 30 40 17 35 42 19 18 39 23 29 23 42 31 44 24 40 27 41 19 41 42 36 33 38 44 36 19 19 19 37 15 17 22 32 19 27 20 18 15 35 28 41 18 27 33 32 26 38 26 37 43 23
4 26 16 33 34 24 27 31 39 30 30 33 24 20 41 29 40 15 16 20 38 28 37 17 39 35 25 16 23 31 39 19 40 25 18 31 37 32 22 42 41 22 40 38 31 36 35 28 31 20 21 27 18 29 39 26 42 25 25 39 19 15 36 31 40 38 42 17 43 19 20 38 40 35 18 30 27 41 19 31 39 20 32 23 26 17 37 28 27 38 39 23 17 41 19 37 41 37 20 27 19
5 31 16 24 18 35 34 23 15 34 19 35 28 29 21 25 33 12 14 28 33 25 13 28 19 18 33 28 19 30 25 15 26 18 14 16 19 32 27 16 20 34 22 22 35 14 30 35 35 13 23 35 13 16 23 19 36 13 25 29 27 32 22 23 30 14 21 24 16 25 27 12 35 27 26 23 14 26 32 35 33 34 19 20 35 31 26 26 28 20 23 25 19 21 35 28 34 31 35 32 17
6 9 14 10 10 16 18 10 18 7 9 14 7 8 13 16 18 8 9 10 8 17 8 15 11 12 7 7 11 7 14 12 8 10 7 18 17 13 15 7 18 11 12 15 11 11 10 13 18 15 18 11 10 8 16 8 7 10 9 15 16 11 9 7 15 19 12 18 13 14 9 17 11 8 9 10 11 7 16 16 18 9 16 11 19 8 8 10 8 10 7 15 8 10 10 11 16 16 7 10 8
7 17 26 13 22 12 20 25 24 18 23 13 14 16 13 27 14 18 25 21 11 20 14 13 11 22 26 15 16 11 28 28 13 29 16 17 21 22 24 10 14 13 25 12 19 21 23 19 18 21 15 18 21 11 10 15 29 23 23 19 12 14 28 21 28 25 15 17 22 23 24 15 24 15 16 19 12 12 17 28 15 28 15 28 20 13 27 22 21 11 20 13 26 18 20 20 11 22 17 10 21
8 48 29 22 37 46 23 55 32 34 27 52 49 24 30 59 45 44 50 56 43 41 36 47 51 49 30 56 56 64 34 47 24 31 33 63 57 54 34 40 25 53 38 53 44 55 33 60 64 28 24 47 28 28 26 39 48 40 24 60 24 58 41 34 36 48 65 31 47 26 48 23 58 35 53 55 45 29 61 42 34 29 34 30 55 66 38 45 33 28 63 32 49 43 27 25 26 23 34 60 45
9 13 8 16 16 17 7 10 11 16 8 14 8 8 8 12 6 13 7 9 13 11 17 11 11 17 16 10 6 13 7 8 14 13 13 12 7 16 8 11 6 15 16 8 16 8 15 17 13 15 15 10 10 10 13 7 16 14 8 13 13 17 11 14 11 15 18 16 16 16 14 13 14 18 16 14 16 12 16 13 11 8 14 9 12 11 6 12 14 12 15 16 17 17 14 12 11 9 11 15 9
10 58 23 32 38 45 26 31 55 36 32 49 54 29 44 64 64 51 62 35 62 62 52 52 30 27 51 52 30 23 52 22 40 38 27 23 54 47 26 23 37 23 50 53 33 55 27 41 59 27 22 42 53 62 62 56 46 61 62 28 60 56 27 53 63 32 62 42 54 52 58 38 46 30 36 41 43 41 52 47 31 57 63 51 61 44 56 39 41 63 24 29 52 58 37 41 63 33 34 46 31
11 12 13 9 14 14 13 8 9 15 12 11 11 6 12 7 6 12 7 15 14 10 10 14 12 14 8 12 10 9 10 8 8 14 11 10 13 13 11 11 11 14 6 8 9 6 7 5 6 9 13 7 11 10 11 14 15 5 12 6 7 10 13 8 9 15 13 8 11 9 9 7 9 6 9 5 8 7 11 8 13 13 14 8 12 5 12 13 13 11 9 5 15 8 6 6 15 12 10 13 13
12 30 33 43 42 35 37 16 27 28 17 30 25 18 21 36 40 18 32 38 46 42 21 31 34 36 46 46 30 29 23 45 43 44 23 34 40 29 23 36 21 42 40 33 23 42 18 20 16 26 44 36 31 46 32 18 19 32 39 34 39 35 38 34 25 24 25 25 26 26 24 33 41 37 31 33 30 16 38 22 42 46 22 45 22 17 32 23 33 17 43 29 24 24 43 38 38 17 28 23 19
13 23 49 30 42 27 52 26 36 35 29 59 60 42 57 40 25 42 61 47 31 58 30 61 54 44 42 34 29 57 24 34 24 41 45 24 36 56 52 52 61 21 49 33 36 36 29 33 47 45 41 26 49 40 62 33 50 27 28 63 58 48 31 59 31 60 58 27 52 56 40 31 46 57 57 40 35 49 31 50 61 51 56 21 21 38 32 53 54 51 51 61 63 61 45 57 41 25 44 38 27
14 27 51 45 31 30 40 39 52 36 52 25 39 43 25 31 43 26 34 23 20 36 32 20 41 40 18 19 30 37 24 39 40 42 41 52 48 23 24 28 51 32 43 52 30 40 35 51 28 32 20 22 24 31 48 18 38 47 52 20 33 28 52 24 28 50 22 23 26 40 51 18 33 46 51 42 42 36 21 41 22 25 26 44 20 50 48 45 45 27 36 33 48 43 48 41 20 34 40 52 41
15 14 13 29 14 23 21 15 25 16 15 25 23 17 19 25 25 17 28 23 31 11 31 25 22 14 15 20 25 16 28 24 11 16 28 28 25 22 12 16 19 18 26 31 20 14 14 27 28 31 19 14 17 18 32 22 28 12 28 13 14 19 25 28 11 13 29 23 27 25 13 32 21 19 29 29 27 26 32 24 29 21 14 26 20 25 24 26 14 16 15 28 30 15 30 16 21 30 33 31 29
16 15 15 10 10 7 12 11 12 7 8 11 11 6 16 15 10 9 7 14 7 13 6 15 6 9 6 11 12 8 14 15 6 10 10 6 14 9 14 16 13 14 16 7 13 15 6 9 8 16 12 14 13 10 15 12 13 8 6 15 11 12 11 8 11 11 9 11 12 9 10 11 9 15 9 8 16 13 10 13 7 13 7 10 6 8 9 8 6 9 11 16 6 8 7 7 7 9 10 7 15
17 49 35 30 39 27 36 46 43 26 18 38 49 22 23 49 45 22 47 29 34 49 18 32 23 48 26 33 34 25 24 28 26 44 33 38 25 26 44 48 39 51 32 20 35 43 49 28 33 20 22 48 25 28 50 48 22 33 46 34 37 37 50 42 30 34 34 18 43 30 28 43 48 50 28 24 43 24 42 42 25 37 44 40 41 21 22 52 31 50 42 32 42 27 21 46 26 31 33 25 37
18 19 43 22 37 40 54 36 19 38 37 52 24 46 19 41 52 41 55 29 27 24 48 20 31 21 30 24 22 43 37 53 36 34 48 36 42 28 42 42 55 36 30 47 38 47 46 52 21 54 26 46 25 48 54 48 37 35 51 47 51 20 19 27 20 35 44 24 33 34 43 42 19 19 48 49 42 23 31 33 49 37 26 50 53 48 52 35 45 30 43 20 38 40 32 29 39 37 34 32 20
19 15 8 9 15 9 10 9 8 8 10 8 10 16 18 8 15 9 16 17 7 9 17 14 12 15 11 18 12 15 7 7 7 11 13 14 17 9 6 14 17 13 11 12 13 16 11 10 9 14 10 12 12 15 14 16 14 16 14 7 15 8 18 17 17 12 13 10 9 12 11 15 6 14 12 17 18 10 6 15 11 12 6 6 9 10 16 14 11 16 12 18 11 14 10 16 8 16 13 16 16
20 38 42 51 25 54 34 55 51 59 34 25 44 24 42 60 41 27 53 29 46 39 30 46 45 63 33 43 37 47 56 51 59 57 34 35 22 30 22 22 46 42 46 35 24 63 25 59 41 49 57 40 42 29 45 47 53 50 44 58 23 30 43 61 61 40 64 40 45 38 56 43 27 29 59 47 22 26 38 22 58 53 41 47 54 48 62 64 46 30 63 64 51 54 48 46 29 64 60 50 50
21 54 28 48 55 32 53 33 41 38 26 29 21 43 37 24 47 39 44 46 61 34 36 44 59 26 46 32 21 46 31 58 30 33 48 60 29 42 37 33 22 61 33 55 51 61 28 57 46 48 33 47 54 41 26 24 28 47 40 44 48 53 47 29 52 60 45 21 61 45 28 59 29 34 57 38 55 31 29 41 48 35 61 54 32 43 28 23 46 37 37 50 28 52 26 49 41 26 51 37 21
22 22 26 28 26 56 55 46 19 21 22 26 35 51 46 45 46 32 47 35 31 22 51 37 34 36 53 32 45 33 57 23 38 56 49 46 52 30 32 32 34 51 41 46 53 42 30 48 51 24 20 51 34 40 44 54 32 29 30 37 47 42 46 42 40 51 53 31 34 25 25 41 22 52 41 49 31 39 47 34 35 29 51 47 41 55 32 41 42 56 46 40 34 39 22 22 28 45 25 53 38
23 11 16 27 27 15 14 25 14 14 14 26 14 14 21 26 28 24 11 22 23 27 11 13 19 28 19 10 24 16 26 15 10 22 17 25 20 22 10 25 18 27 28 26 28 26 25 25 24 10 28 15 22 11 14 16 16 26 11 15 10 20 23 21 27 21 26 27 11 21 20 20 12 15 20 26 28 27 24 15 18 17 25 17 22 23 27 28 23 16 12 21 12 10 20 27 15 19 13 26 22
24 54 31 50 23 33 44 59 21 29 50 25 46 57 41 25 43 29 58 51 58 37 38 40 44 36 48 31 57 44 39 40 48 23 63 57 29 25 62 50 41 56 38 53 58 49 61 52 54 39 23 41 34 62 41 39 59 48 54 24 22 52 35 41 51 61 29 47 63 27 29 51 39 29 42 31 57 35 24 44 33 63 30 44 23 30 59 52 34 32 31 42 25 23 55 23 51 41 50 35 50
25 45 25 39 29 45 24 20 35 28 41 44 25 35 33 16 26 33 27 15 18 19 35 26 38 38 16 37 37 36 25 27 19 36 24 39 33 36 21 17 41 21 33 31 41 35 43 17 32 16 43 17 39 41 41 18 27 17 31 28 31 43 27 38 18 18 36 35 38 21 42 18 21 16 44 38 42 44 24 45 33 23 28 25 21 20 33 33 28 43 29 35 38 38 34 16 21 42 39 17 23
26 17 13 20 10 15 9 14 22 16 11 18 13 14 12 16 17 13 14 20 12 16 19 19 20 21 12 12 19 9 16 17 18 15 21 20 20 18 15 8 16 20 17 9 12 8 14 16 21 19 15 11 8 9 18 12 15 12 21 18 13 11 19 22 12 22 20 18 21 16 15 8 8 11 21 15 9 13 9 14 19 16 13 13 19 15 8 13 19 14 11 17 17 10 15 16 12 14 11 18 14
27 10 17 18 18 13 7 19 11 19 19 16 7 13 19 8 19 19 16 8 17 9 14 18 8 7 15 19 8 19 7 11 12 19 11 11 18 11 16 11 12 12 15 12 13 11 19 17 17 11 8 17 16 10 18 15 18 9 7 13 18 15 17 14 10 16 15 7 17 9 10 16 14 8 8 14 19 8 8 13 10 17 13 14 16 9 12 17 15 16 12 19 15 7 8 8 18 12 15 19 16
28 12 15 17 16 13 29 27 25 15 23 26 25 14 19 20 22 27 19 17 18 18 19 26 18 18 18 17 29 26 26 12 23 27 19 25 26 22 17 18 10 10 14 26 17 12 14 27 11 23 24 22 12 16 10 26 10 25 14 17 14 14 22 19 15 12 25 24 15 15 27 27 25 24 29 27 24 27 24 15 22 14 15 18 22 11 27 18 11 12 28 16 13 24 14 11 25 14 30 22 22
29 13 23 15 25 28 27 30 22 35 33 26 12 18 29 16 36 36 17 19 14 18 15 34 32 17 28 32 36 18 31 34 23 35 30 15 31 21 17 25 24 21 33 29 18 29 20 12 30 27 19 20 29 24 32 23 33 30 36 30 24 20 16 36 36 30 17 13 36 18 34 31 34 26 27 27 31 17 20 33 24 32 26 27 14 25 23 17 36 31 13 33 34 27 22 13 25 13 24 27 24
30 37 23 20 26 24 26 46 41 46 23 26 42 21 34 16 16 45 30 21 27 20 32 29 43 43 28 31 37 25 35 38 35 25 27 22 31 41 28 35 25 24 44 41 45 27 44 17 34 35 39 23 35 29 30 23 23 45 20 24 35 25 22 31 27 31 18 36 22 33 23 20 36 43 35 38 20 17 28 42 21 42 24 44 31 40 38 21 27 33 40 26 29 28 32 38 46 28 42 20 32
31 63 73 51 65 34 60 58 43 39 41 69 51 71 45 52 51 39 41 54 52 45 67 69 60 59 49 26 30 73 26 57 60 49 26 56 51 58 70 52 68 58 61 42 71 44 63 38 69 28 65 27 31 39 26 57 44 58 32 47 53 61 71 63 43 33 63 63 71 70 67 33 51 37 64 67 43 72 56 72 43 46 59 33 36 51 46 51 52 38 42 51 70 41 37 37 39 31 44 65 30
32 19 17 33 35 35 38 37 36 34 16 27 25 24 22 29 31 23 34 25 19 23 29 23 16 36 19 33 18 22 37 14 35 21 34 36 22 15 40 30 33 37 17 14 38 35 14 30 35 29 30 17 37 16 16 25 15 36 34 16 40 29 28 31 38 32 32 29 17 38 36 17 20 40 32 18 35 39 21 18 40 15 32 32 22 30 35 39 38 31 32 22 22 15 25 18 15 38 32 30 28
33 21 15 30 23 23 23 16 29 15 20 11 25 24 18 18 17 19 13 29 17 29 14 18 29 14 28 15 30 29 19 11 22 30 23 13 15 25 18 15 27 17 14 28 11 27 12 11 17 23 20 16 12 16 15 23 18 17 29 29 18 26 27 21 22 19 10 28 15 21 13 10 21 23 20 12 26 28 19 12 17 14 22 20 29 27 13 22 24 17 29 29 19 21 22 20 16 28 11 21 17
34 39 19 32 48 27 48 50 50 28 44 29 52 36 36 34 40 43 29 38 35 47 33 35 43 55 35 38 21 28 24 34 42 53 54 35 46 32 26 19 52 24 43 20 49 19 23 29 48 23 50 32 34 24 55 21 41 19 41 26 25 45 34 46 20 24 37 20 29 39 53 47 47 35 35 48 27 44 53 21 32 21 29 50 43 42 32 46 31 42 48 46 39 47 32 51 53 33 21 54 48
35 38 22 32 34 23 38 23 18 38 34 23 22 35 33 42 32 22 30 37 28 33 40 24 41 41 33 36 23 22 36 39 37 24 20 23 37 22 41 16 41 29 36 29 20 36 24 20 16 41 22 21 41 41 34 23 33 29 31 25 18 27 38 33 26 33 17 36 22 33 32 27 27 15 29 23 39 22 26 37 22 40 36 37 17 17 39 24 18 15 27 31 40 16 15 37 19 35 40 27 26
36 5 10 8 11 10 6 5 11 13 5 13 7 15 7 8 11 11 5 6 6 14 14 9 9 10 15 7 12 5 9 15 12 15 13 12 11 11 7 11 7 13 6 6 11 6 9 9 7 14 15 6 9 10 7 9 13 11 6 12 10 8 14 6 8 5 7 11 7 7 10 8 9 7 6 11 12 8 10 13 9 6 8 12 12 10 14 5 7 10 9 15 7 14 8 12 14 12 5 11 7
37 15 17 8 9 17 8 17 14 9 6 7 9 8 17 7 7 11 12 9 12 8 8 17 17 14 18 12 14 10 10 12 16 13 8 9 15 15 14 7 8 14 13 15 9 15 7 6 7 15 15 6 8 8 7 11 6 12 17 8 10 10 16 12 9 16 10 15 17 15 10 12 8 13 9 12 14 18 15 18 18 6 8 18 18 8 18 13 10 15 10 13 11 14 9 17 11 10 15 7 18
38 19 26 28 33 20 28 34 20 13 15 23 23 34 20 12 33 33 15 23 25 32 14 30 30 13 24 16 27 17 21 17 26 14 20 13 19 18 24 16 12 30 29 31 12 33 19 14 27 23 32 21 28 14 13 32 34 22 20 19 23 28 16 23 21 19 18 18 34 19 27 20 13 12 19 18 13 29 12 18 28 25 16 21 32 16 23 15 33 18 12 34 32 30 33 21 13 16 31 12 34
39 15 14 16 20 22 10 13 11 11 19 13 19 14 17 10 18 24 8 23 17 18 9 14 23 13 19 12 21 16 8 23 16 9 12 16 16 23 15 14 9 24 17 17 22 10 15 9 20 18 17 11 8 20 18 13 24 16 20 12 19 11 12 10 11 13 14 22 9 23 9 15 13 20 14 11 12 18 16 14 9 16 11 14 18 17 20 12 10 9 13 9 11 16 22 16 15 23 18 8 15
40 20 14 13 12 10 22 12 11 9 21 8 10 15 12 10 11 11 14 12 10 18 18 21 12 12 20 21 13 12 11 15 18 17 16 12 15 18 16 12 12 9 14 20 15 18 12 10 15 22 15 14 12 18 9 10 10 17 19 12 11 15 18 21 8 13 8 8 20 21 15 16 14 20 9 14 11 18 8 10 12 8 10 13 11 13 12 19 9 9 13 11 21 18 19 8 19 18 18 14 9;
param maxIb: 1 :=
1 30
2 15
3 45
4 44
5 36
6 20
7 30
8 66
9 18
10 65
11 15
12 47
13 63
14 53
15 33
16 17
17 53
18 56
19 18
20 65
21 62
22 57
23 29
24 63
25 45
26 23
27 20
28 30
29 36
30 47
31 74
32 41
33 30
34 56
35 42
36 15
37 18
38 35
39 24
40 23;
param tempoe=0.000506;
