param nvertices=10; #numero de vertices
param ndemandas=40; #numero de demandas
param capacidadeij: 1 2 3 4 5 6 7 8 9 10 :=
 1 100 100 100 100 100 100 100 100 100 100
2 100 100 100 100 100 100 100 100 100 100
3 100 100 100 100 100 100 100 100 100 100
4 100 100 100 100 100 100 100 100 100 100
5 100 100 100 100 100 100 100 100 100 100
6 100 100 100 100 100 100 100 100 100 100
7 100 100 100 100 100 100 100 100 100 100
8 100 100 100 100 100 100 100 100 100 100
9 100 100 100 100 100 100 100 100 100 100
10 100 100 100 100 100 100 100 100 100 100; #Capacidade de banda de comunicacao de cada arco
param Adj: 1 2 3 4 5 6 7 8 9 10 := 
1 0 0 1 0 0 1 1 1 0 1
2 0 0 0 1 1 0 1 0 1 1
3 1 0 0 1 0 1 1 0 0 1
4 0 1 1 0 0 0 1 0 0 0
5 0 1 0 0 0 0 0 0 1 1
6 1 0 1 0 0 0 0 1 0 1
7 1 1 1 1 0 0 0 0 0 0
8 1 0 0 0 0 1 0 0 0 1
9 0 1 0 0 1 0 0 0 0 0
10 1 1 1 0 1 1 0 1 0 0;  #Matriz de adjacencia da topologia
param I: 1 2 3 :=
1 1.000000 10.000000 11.000000
2 8.000000 6.000000 19.000000
3 5.000000 4.000000 11.000000
4 8.000000 7.000000 18.000000
5 5.000000 3.000000 14.000000
6 6.000000 1.000000 10.000000
7 1.000000 10.000000 16.000000
8 8.000000 2.000000 12.000000
9 1.000000 7.000000 16.000000
10 8.000000 10.000000 10.000000
11 10.000000 9.000000 12.000000
12 6.000000 2.000000 18.000000
13 5.000000 9.000000 14.000000
14 3.000000 8.000000 12.000000
15 1.000000 7.000000 15.000000
16 8.000000 4.000000 19.000000
17 6.000000 5.000000 19.000000
18 9.000000 4.000000 18.000000
19 7.000000 5.000000 11.000000
20 2.000000 4.000000 17.000000
21 2.000000 3.000000 16.000000
22 2.000000 7.000000 18.000000
23 9.000000 7.000000 17.000000
24 1.000000 4.000000 12.000000
25 7.000000 2.000000 13.000000
26 6.000000 10.000000 19.000000
27 1.000000 9.000000 12.000000
28 1.000000 4.000000 16.000000
29 1.000000 2.000000 11.000000
30 9.000000 4.000000 18.000000
31 1.000000 2.000000 18.000000
32 1.000000 8.000000 11.000000
33 7.000000 6.000000 12.000000
34 10.000000 8.000000 19.000000
35 5.000000 9.000000 18.000000
36 9.000000 8.000000 16.000000
37 5.000000 1.000000 16.000000
38 10.000000 5.000000 10.000000
39 5.000000 7.000000 19.000000
40 9.000000 7.000000 18.000000;
param Ib: 1 2 3 4 5 6 7 8 9 10 11 12 13 14 15 16 17 18 19 20 21 22 23 24 25 26 27 28 29 30 31 32 33 34 35 36 37 38 39 40 41 42 43 44 45 46 47 48 49 50 51 52 53 54 55 56 57 58 59 60 61 62 63 64 65 66 67 68 69 70 71 72 73 74 75 76 77 78 79 80 81 82 83 84 85 86 87 88 89 90 91 92 93 94 95 96 97 98 99 100 :=
1 47 58 42 64 59 49 30 31 52 65 59 38 61 67 45 30 29 30 53 55 29 57 65 56 27 59 52 45 38 47 37 25 46 56 53 64 55 39 57 53 45 23 35 58 27 41 27 66 36 60 45 60 52 48 23 40 65 50 59 38 57 43 33 46 67 59 44 64 64 27 45 27 65 66 51 39 28 56 60 25 62 35 46 66 69 30 38 25 56 24 69 50 27 34 56 51 51 59 68 27
2 44 24 50 48 46 47 38 28 46 26 40 66 46 37 50 33 47 24 23 41 40 33 53 55 56 25 46 35 42 59 49 58 45 26 51 41 34 45 29 54 64 42 63 29 23 39 46 27 63 58 57 31 28 38 51 28 45 50 45 59 62 48 56 59 48 27 52 38 33 52 59 38 59 45 30 49 49 25 55 63 34 39 30 46 33 40 32 61 35 48 32 55 47 48 50 35 57 52 40 40
3 31 30 25 20 33 22 19 30 36 36 31 16 33 31 31 26 29 30 17 23 29 28 14 32 30 19 18 27 33 34 17 25 28 27 22 33 30 33 25 24 27 29 34 13 32 20 20 23 18 28 37 22 28 21 20 35 14 22 31 16 29 33 26 27 32 14 35 18 21 34 36 15 13 13 15 34 23 23 21 28 36 31 34 14 17 14 20 28 17 16 30 32 17 27 36 31 33 36 36 20
4 6 6 16 6 13 13 12 13 6 16 12 14 6 10 10 6 14 14 12 7 9 11 10 13 10 12 10 12 15 8 16 10 16 16 16 6 10 11 11 6 6 14 13 10 11 13 13 16 13 11 13 15 9 9 11 9 16 15 11 12 12 15 13 16 6 9 8 6 9 12 16 16 12 16 8 6 14 10 6 16 16 12 13 9 9 6 13 14 15 14 16 14 8 8 15 9 10 9 11 10
5 50 66 66 52 58 42 32 62 56 55 33 66 35 55 65 43 71 29 54 55 38 43 58 43 54 71 43 41 63 50 38 53 28 60 41 41 68 51 68 43 31 54 66 31 69 53 41 62 40 67 33 66 44 38 73 67 59 52 43 68 59 63 58 42 40 28 61 51 66 46 55 37 41 48 44 54 56 73 43 66 59 69 42 30 64 63 72 48 25 48 48 60 73 33 31 61 40 41 32 71
6 8 14 5 12 12 12 5 9 10 11 14 14 11 15 15 14 11 13 13 13 15 9 11 8 10 7 6 6 11 14 9 8 7 6 13 10 7 11 14 9 5 14 7 9 6 12 15 13 13 11 7 9 12 8 5 11 13 7 11 13 12 10 14 13 10 14 7 7 14 9 8 10 5 12 11 12 14 10 13 14 5 6 11 6 7 11 11 9 13 9 6 12 8 14 10 9 12 15 7 14
7 31 44 20 33 29 18 21 24 26 20 40 32 30 41 41 32 20 21 48 19 29 18 41 49 42 38 28 25 28 18 34 20 50 48 46 44 41 32 34 47 49 44 42 33 44 49 41 34 30 48 19 44 24 50 18 25 40 46 29 39 36 31 22 29 34 51 23 34 29 23 20 32 42 48 37 26 30 49 28 35 36 50 21 44 30 39 20 25 26 25 20 21 28 41 30 36 47 34 42 48
8 27 25 32 24 58 49 34 56 33 42 30 48 62 55 50 34 57 34 59 60 46 54 41 48 38 53 54 55 56 52 46 61 43 64 28 64 36 55 53 65 39 66 45 63 28 61 40 33 62 65 47 31 41 60 35 40 37 61 33 33 44 28 50 37 37 26 33 24 60 41 33 39 34 35 33 58 36 45 29 44 58 34 51 63 45 58 24 65 67 37 39 35 34 43 45 45 62 52 51 46
9 14 33 26 19 19 37 13 21 16 32 31 19 15 25 27 30 18 19 37 18 15 20 32 37 19 36 37 14 23 30 25 28 18 30 15 20 16 26 27 13 34 19 19 33 20 20 24 35 13 31 20 18 19 21 30 15 29 35 23 31 31 21 34 20 37 27 29 14 30 21 32 33 18 25 25 31 13 37 37 31 27 16 20 30 27 25 27 18 19 15 36 23 15 19 33 22 36 21 30 19
10 70 40 32 66 55 46 65 66 65 62 70 29 33 46 49 42 47 38 52 53 58 62 55 47 32 70 67 62 61 28 57 69 59 27 34 53 29 55 69 57 28 47 25 62 39 30 70 25 44 49 43 59 26 61 69 27 55 62 42 48 43 37 59 40 59 39 46 24 24 25 41 25 67 52 66 31 44 27 45 37 67 39 56 50 27 43 27 67 41 27 64 35 33 26 57 62 28 27 25 37
11 29 38 24 19 19 20 51 31 25 41 48 19 37 27 30 21 41 43 47 44 51 32 28 31 32 32 38 24 25 27 24 21 18 26 49 26 43 20 44 36 27 25 26 42 36 36 36 48 35 36 43 19 17 18 43 26 40 42 49 32 48 45 40 26 20 49 36 21 29 45 42 38 25 27 26 38 40 36 23 27 46 26 17 30 19 39 46 24 24 37 48 31 41 30 50 49 22 35 24 22
12 70 60 49 55 61 27 57 44 56 50 69 65 39 41 60 54 56 57 65 29 47 47 47 62 53 49 61 51 59 60 54 26 32 33 55 58 45 42 67 55 61 27 27 65 62 47 43 33 32 57 54 24 51 26 37 53 65 43 53 40 38 51 42 66 62 61 45 38 52 42 65 26 54 47 60 60 40 30 30 69 60 65 42 45 62 52 59 63 66 25 47 46 51 54 35 56 26 35 38 26
13 18 26 28 24 15 11 23 10 27 21 25 27 22 27 27 20 13 28 27 28 13 24 23 20 17 28 22 17 10 23 21 16 15 11 17 20 28 17 12 19 26 15 20 21 10 20 24 16 25 24 11 15 16 21 23 21 28 16 22 25 24 22 18 13 19 27 10 18 23 19 12 26 10 23 24 13 26 27 22 18 26 25 28 25 26 23 18 15 25 27 28 26 26 25 25 16 17 17 18 14
14 52 50 45 29 41 55 49 30 25 21 26 39 49 25 42 38 24 25 28 50 20 27 46 45 41 20 33 37 46 48 55 34 41 38 34 31 31 23 46 54 29 41 39 20 49 29 49 31 49 41 35 43 46 55 26 41 43 30 44 47 52 28 43 32 27 28 47 29 51 26 24 53 27 24 24 24 45 35 28 46 40 42 42 47 20 49 40 38 26 46 46 27 55 41 21 55 27 24 41 22
15 21 21 30 50 53 45 23 28 40 56 46 48 56 38 37 54 26 38 23 23 52 41 32 55 25 49 28 40 26 57 27 40 57 37 34 25 52 44 40 33 23 40 35 46 37 40 33 53 28 39 46 24 33 37 49 33 47 31 38 26 53 45 57 30 57 43 44 48 38 49 32 32 44 33 25 35 53 34 29 43 56 56 21 40 35 25 56 51 55 34 55 56 43 43 50 48 34 44 36 35
16 26 26 59 32 31 34 21 60 57 49 45 28 29 49 50 60 58 31 39 40 57 60 40 60 52 21 27 24 54 33 29 53 36 50 34 58 25 25 35 52 27 23 45 22 41 30 32 52 40 25 47 45 31 60 21 40 61 27 52 30 39 53 60 55 41 45 30 34 48 25 38 24 59 24 32 41 51 37 54 29 40 44 39 47 49 34 41 26 52 49 29 25 38 38 38 40 28 54 60 30
17 17 33 26 25 32 18 27 38 30 24 14 38 29 32 26 29 37 35 33 14 16 22 18 35 19 41 20 21 39 17 35 16 15 41 20 20 28 38 21 22 21 35 40 17 17 20 36 32 16 28 19 36 23 28 34 32 14 22 37 27 14 39 22 27 25 33 37 29 27 34 33 16 35 33 23 31 29 16 14 20 34 38 40 24 28 28 35 42 23 29 30 35 23 41 16 17 21 23 28 28
18 38 33 61 66 63 38 45 63 65 52 38 46 40 38 72 55 25 70 27 43 55 32 71 66 72 62 68 66 70 41 43 38 36 54 44 64 52 67 33 27 29 35 58 25 44 44 67 66 53 39 51 31 68 49 27 69 31 68 71 66 34 68 46 54 66 55 51 61 28 46 48 32 67 32 52 70 69 41 29 56 27 51 51 31 29 27 66 66 58 50 35 35 49 34 67 69 46 73 58 30
19 31 50 40 32 47 26 40 20 30 34 30 44 46 23 42 19 39 44 19 44 46 30 36 25 37 29 35 41 18 40 42 40 19 49 22 41 19 29 35 40 40 18 25 34 20 18 47 44 25 44 41 49 33 38 17 42 37 33 46 26 44 36 33 42 46 50 49 31 40 41 49 41 39 29 28 24 18 45 42 50 26 36 49 28 48 34 49 34 19 27 18 51 33 20 31 47 19 35 37 35
20 27 11 15 22 30 20 19 26 17 24 32 32 25 32 31 27 30 27 28 17 12 31 22 28 18 30 19 32 31 13 22 28 21 26 32 18 23 11 27 11 22 12 22 24 12 21 27 30 18 22 25 15 21 25 29 31 17 31 12 27 30 17 20 27 17 33 28 18 22 26 27 12 24 13 23 32 31 26 28 15 15 15 29 28 22 32 13 31 30 12 16 28 31 26 16 30 13 13 29 15
21 23 14 12 19 20 24 23 25 21 11 10 23 23 28 24 25 27 14 15 16 28 11 25 21 13 17 23 29 26 17 12 16 15 15 23 17 11 17 24 27 18 14 25 21 11 19 15 27 16 27 10 26 12 17 24 26 11 22 14 17 19 22 24 26 24 24 21 18 17 21 29 21 23 15 23 19 20 16 19 18 17 23 24 24 13 15 14 15 12 25 27 27 26 14 26 18 24 20 17 17
22 23 62 63 25 46 63 33 40 56 27 58 56 64 53 31 32 30 23 23 34 55 41 40 50 32 39 29 29 60 48 31 31 42 67 49 26 50 65 48 55 24 28 40 28 38 28 60 49 31 47 44 59 24 36 32 65 39 54 48 43 63 33 32 57 43 24 41 42 52 43 52 59 39 56 65 46 36 45 60 26 48 49 48 40 32 45 46 64 67 58 44 31 66 26 25 33 51 65 36 52
23 70 58 35 53 44 70 55 28 38 38 33 40 60 49 30 70 36 51 31 62 31 41 26 30 70 38 52 53 48 51 39 24 68 52 50 39 38 68 70 43 60 46 48 54 52 59 44 60 44 63 58 36 55 39 56 32 30 37 32 36 28 56 55 51 45 24 63 37 37 45 68 24 33 46 68 41 35 46 42 32 24 69 25 39 62 69 61 68 37 47 68 52 51 56 35 47 26 42 56 58
24 53 27 36 20 21 38 24 42 22 45 23 32 26 32 52 55 46 21 45 43 39 46 25 31 54 57 33 34 27 50 28 47 24 58 30 46 41 35 38 46 27 33 27 38 26 55 57 27 33 49 48 51 48 40 54 42 38 57 21 42 45 46 20 43 34 26 35 49 39 54 20 51 56 54 21 20 29 50 41 38 56 41 30 54 52 26 36 29 42 34 25 31 32 58 57 53 36 23 24 25
25 45 29 58 57 67 58 54 38 39 44 63 59 24 34 54 31 39 29 56 27 51 42 60 53 66 35 45 36 66 30 43 70 41 61 66 25 49 62 70 41 26 32 44 60 25 59 64 56 33 34 50 61 32 35 32 46 33 69 55 37 24 29 62 51 44 67 68 52 41 58 41 27 26 62 32 36 67 54 46 59 24 64 56 43 35 70 46 61 31 58 40 34 41 59 41 59 64 30 69 46
26 29 20 15 29 26 28 22 14 18 25 28 25 16 37 21 16 29 32 30 16 35 23 30 17 33 26 14 22 27 17 20 32 23 28 20 17 30 27 28 34 14 29 15 24 19 14 15 36 15 36 36 16 13 35 35 16 36 23 31 17 27 20 33 29 32 29 27 14 20 22 25 23 17 19 37 35 16 15 14 16 21 32 35 34 13 28 21 21 29 36 18 27 16 33 25 31 18 14 22 23
27 21 37 26 31 19 36 23 30 20 21 18 17 25 17 30 20 27 13 30 31 17 31 31 18 21 33 29 25 35 36 19 13 18 20 30 14 34 31 21 34 20 14 31 27 27 34 24 26 35 20 36 13 23 25 31 25 33 19 37 21 25 33 13 29 17 33 33 13 24 21 16 29 36 25 13 15 34 24 29 35 17 32 32 35 13 35 35 15 29 22 34 37 25 34 28 13 25 19 22 30
28 46 29 39 50 29 31 19 28 44 29 27 27 27 31 49 34 19 33 32 37 20 53 25 46 43 40 19 45 36 19 18 51 47 25 49 19 41 39 53 41 46 42 53 44 40 40 22 32 24 35 46 22 27 22 29 24 35 53 35 47 27 53 38 36 52 18 48 19 45 24 53 19 23 41 41 42 26 29 48 34 23 45 49 46 34 35 45 53 26 35 30 34 43 26 37 43 19 50 45 24
29 45 45 36 36 46 57 38 56 31 24 36 48 57 55 43 34 40 49 46 59 61 50 36 62 43 33 53 47 22 43 55 26 33 46 33 45 29 27 37 48 50 58 55 29 29 35 29 63 31 33 42 34 28 50 26 63 42 32 38 62 61 37 27 23 22 36 40 41 53 39 45 57 54 27 64 54 58 45 33 49 29 22 43 63 35 48 46 29 44 34 41 31 31 27 50 31 62 34 44 57
30 26 34 23 28 69 35 53 43 47 41 27 36 45 51 52 39 57 41 58 41 64 35 52 51 65 47 61 40 47 68 60 38 55 69 38 45 54 32 25 37 24 40 63 64 58 48 32 62 57 36 28 46 31 30 66 24 60 64 45 38 53 39 43 35 29 58 51 60 27 48 65 42 52 66 31 64 54 64 45 50 56 60 51 34 23 31 46 32 58 49 29 40 25 66 53 51 68 66 62 40
31 31 24 17 15 36 35 30 34 33 24 33 42 38 19 33 16 20 35 29 24 31 35 33 20 17 37 23 42 31 37 43 23 35 36 30 24 35 35 29 42 17 36 16 22 41 35 31 19 22 25 43 29 21 42 30 38 32 27 39 43 34 32 18 22 34 37 25 16 19 27 19 19 26 31 23 43 18 32 39 23 25 35 18 24 36 23 36 36 29 26 25 20 27 35 18 15 40 26 36 21
32 23 24 28 16 21 43 40 45 32 23 37 30 30 37 25 22 41 22 39 24 33 33 46 23 35 27 25 39 20 44 31 20 29 26 46 38 27 20 29 42 27 35 25 23 22 20 25 21 34 21 43 33 31 21 26 27 35 42 30 32 37 37 16 29 28 39 33 42 33 16 37 25 28 44 38 44 30 16 29 45 44 45 42 33 37 45 31 32 22 24 40 26 18 30 28 43 20 38 44 29
33 52 23 32 44 35 45 40 39 61 32 57 54 34 59 50 42 49 40 42 32 60 60 41 38 37 58 24 35 53 60 54 53 28 35 61 30 23 58 44 32 46 42 44 56 51 55 37 55 48 43 57 21 30 47 43 55 58 59 48 42 33 46 31 44 29 33 32 35 32 49 40 33 44 42 51 33 51 35 32 46 29 27 42 59 25 22 59 52 38 40 34 38 30 29 49 60 58 37 39 42
34 12 16 20 23 13 10 24 17 19 19 18 22 23 14 20 10 19 11 13 9 11 11 17 22 8 18 19 22 15 11 18 22 23 24 24 11 20 21 15 15 15 19 24 9 19 14 14 24 10 16 14 14 18 9 24 20 9 23 15 16 18 13 15 11 9 17 20 11 17 9 11 9 20 9 19 10 21 8 14 16 12 23 10 22 16 20 24 14 15 11 18 12 14 24 24 22 9 21 15 17
35 43 36 30 31 49 29 45 40 39 55 26 36 46 39 41 23 57 49 40 38 63 57 62 33 48 58 54 47 52 33 55 33 28 51 42 43 61 22 30 51 26 33 45 37 23 26 50 54 52 64 35 35 60 53 51 61 51 38 29 62 40 54 61 52 39 35 22 31 36 48 41 33 46 48 37 57 37 35 50 57 40 52 32 25 38 63 46 48 51 64 63 53 47 43 32 37 31 23 53 48
36 32 27 17 15 29 26 18 19 34 37 16 37 35 26 30 26 21 24 39 38 19 32 37 22 28 28 23 23 14 39 37 24 19 22 33 33 36 36 37 30 23 20 27 27 38 15 29 25 31 24 23 19 18 20 31 26 21 28 30 34 23 18 18 14 38 40 38 25 27 25 22 20 26 19 34 31 22 25 19 39 18 28 21 38 29 15 28 29 23 16 39 37 36 38 21 20 18 17 21 27
37 11 28 20 11 17 21 30 28 17 27 20 23 23 16 30 30 18 22 20 28 14 13 14 11 31 12 12 12 22 24 15 15 27 28 30 27 28 25 15 11 15 21 13 18 21 12 14 28 31 29 25 29 28 23 28 28 20 15 15 26 27 21 26 16 22 11 30 12 31 16 20 28 27 28 20 22 19 19 29 15 16 26 21 24 12 14 24 14 19 30 18 20 21 28 14 19 22 23 23 25
38 24 28 21 27 10 25 21 24 17 21 14 14 18 13 21 22 11 26 25 17 10 23 24 24 12 25 17 19 12 10 21 16 11 28 14 13 13 27 15 18 27 23 14 22 21 19 18 22 12 21 17 18 23 28 25 24 15 20 16 26 13 26 22 10 23 22 15 25 24 14 15 13 11 19 18 20 25 26 15 17 27 24 20 12 20 18 23 19 10 27 20 14 28 11 28 18 25 27 26 12
39 38 18 17 31 31 39 20 26 24 34 28 18 25 13 16 15 30 34 32 14 31 16 14 30 23 22 32 29 15 26 37 25 15 22 32 30 17 31 33 27 28 24 37 22 21 16 30 37 26 24 26 15 15 38 15 20 30 17 30 36 38 16 25 18 34 33 34 38 36 30 34 25 21 38 32 36 38 16 36 37 37 16 26 31 26 20 22 34 21 33 27 26 37 29 27 33 21 31 16 33
40 29 20 15 14 36 20 16 26 20 25 23 29 32 29 31 34 19 15 23 16 20 37 29 40 37 37 16 28 35 33 36 22 15 17 40 18 20 16 25 31 18 16 38 36 20 30 17 38 24 21 34 37 18 26 35 31 26 35 24 21 32 35 27 33 17 20 22 38 38 26 17 31 34 37 23 37 21 38 17 38 30 19 36 19 15 28 16 29 21 35 17 27 18 36 37 28 19 40 35 18;
param maxIb: 1 :=
1 69
2 66
3 38
4 17
5 74
6 15
7 53
8 68
9 38
10 72
11 51
12 71
13 29
14 56
15 59
16 62
17 42
18 74
19 51
20 33
21 30
22 68
23 71
24 59
25 71
26 38
27 38
28 54
29 65
30 69
31 44
32 47
33 62
34 24
35 65
36 41
37 32
38 29
39 39
40 41;
param tempoe=0.000485;
