param nvertices=10; #numero de vertices
param ndemandas=40; #numero de demandas
param capacidadeij: 1 2 3 4 5 6 7 8 9 10 :=
 1 100 100 100 100 100 100 100 100 100 100
2 100 100 100 100 100 100 100 100 100 100
3 100 100 100 100 100 100 100 100 100 100
4 100 100 100 100 100 100 100 100 100 100
5 100 100 100 100 100 100 100 100 100 100
6 100 100 100 100 100 100 100 100 100 100
7 100 100 100 100 100 100 100 100 100 100
8 100 100 100 100 100 100 100 100 100 100
9 100 100 100 100 100 100 100 100 100 100
10 100 100 100 100 100 100 100 100 100 100; #Capacidade de banda de comunicacao de cada arco
param Adj: 1 2 3 4 5 6 7 8 9 10 := 
1 0 0 1 0 0 1 1 1 0 1
2 0 0 0 1 1 0 1 0 1 1
3 1 0 0 1 0 1 1 0 0 1
4 0 1 1 0 0 0 1 0 0 0
5 0 1 0 0 0 0 0 0 1 1
6 1 0 1 0 0 0 0 1 0 1
7 1 1 1 1 0 0 0 0 0 0
8 1 0 0 0 0 1 0 0 0 1
9 0 1 0 0 1 0 0 0 0 0
10 1 1 1 0 1 1 0 1 0 0;  #Matriz de adjacencia da topologia
param I: 1 2 3 :=
1 8.000000 3.000000 13.000000
2 8.000000 3.000000 14.000000
3 7.000000 6.000000 10.000000
4 1.000000 6.000000 18.000000
5 2.000000 8.000000 10.000000
6 9.000000 6.000000 13.000000
7 6.000000 3.000000 10.000000
8 8.000000 9.000000 14.000000
9 2.000000 5.000000 14.000000
10 6.000000 10.000000 16.000000
11 5.000000 1.000000 10.000000
12 10.000000 5.000000 19.000000
13 10.000000 9.000000 19.000000
14 4.000000 7.000000 19.000000
15 4.000000 7.000000 11.000000
16 6.000000 7.000000 17.000000
17 10.000000 1.000000 10.000000
18 7.000000 8.000000 19.000000
19 7.000000 4.000000 11.000000
20 3.000000 10.000000 13.000000
21 4.000000 8.000000 17.000000
22 3.000000 7.000000 14.000000
23 1.000000 4.000000 13.000000
24 3.000000 10.000000 10.000000
25 6.000000 2.000000 16.000000
26 8.000000 1.000000 12.000000
27 10.000000 6.000000 16.000000
28 6.000000 1.000000 12.000000
29 8.000000 1.000000 18.000000
30 3.000000 4.000000 18.000000
31 3.000000 1.000000 16.000000
32 4.000000 7.000000 16.000000
33 5.000000 8.000000 19.000000
34 3.000000 8.000000 18.000000
35 6.000000 3.000000 11.000000
36 9.000000 7.000000 13.000000
37 5.000000 2.000000 15.000000
38 3.000000 2.000000 18.000000
39 4.000000 6.000000 14.000000
40 8.000000 4.000000 14.000000;
param Ib: 1 2 3 4 5 6 7 8 9 10 11 12 13 14 15 16 17 18 19 20 21 22 23 24 25 26 27 28 29 30 31 32 33 34 35 36 37 38 39 40 41 42 43 44 45 46 47 48 49 50 51 52 53 54 55 56 57 58 59 60 61 62 63 64 65 66 67 68 69 70 71 72 73 74 75 76 77 78 79 80 81 82 83 84 85 86 87 88 89 90 91 92 93 94 95 96 97 98 99 100 :=
1 21 27 17 15 21 25 23 17 17 25 25 22 22 24 21 22 21 20 20 25 21 17 18 19 19 22 18 27 22 16 19 16 23 22 24 25 26 26 16 15 25 24 16 23 18 27 18 19 22 18 15 18 18 24 25 21 27 24 24 19 17 25 16 16 16 27 17 27 23 18 27 26 23 17 27 19 20 26 21 16 24 27 27 18 25 17 19 24 23 15 25 15 23 20 24 24 16 22 21 15
2 16 18 23 20 20 22 24 26 21 16 25 15 17 21 16 22 18 16 21 22 20 19 24 20 14 25 21 22 18 18 25 19 21 21 17 20 22 21 14 24 25 21 21 16 23 24 24 21 19 24 21 24 22 16 17 24 19 17 16 16 20 23 15 19 25 24 15 22 21 19 24 15 21 24 19 22 23 25 26 22 17 24 20 25 15 23 16 17 19 25 23 24 23 26 17 22 19 16 23 15
3 38 48 40 31 40 55 45 34 45 48 52 45 31 36 41 54 49 55 52 32 51 53 50 50 36 35 43 43 47 55 48 55 45 57 32 34 51 45 47 51 54 33 54 49 42 36 53 45 55 38 44 36 42 35 39 45 36 50 34 31 42 34 47 54 57 38 36 31 43 44 38 31 49 53 35 43 53 50 32 48 55 52 55 44 57 55 45 54 35 49 49 41 34 41 31 32 48 33 43 34
4 15 15 15 19 21 20 24 18 20 18 25 17 22 23 18 18 17 23 14 17 17 15 26 20 21 23 25 25 15 17 21 17 17 24 25 18 21 24 23 16 18 15 20 26 23 26 15 19 18 21 19 15 16 25 22 24 18 14 22 25 23 19 21 26 26 15 18 16 14 14 22 20 25 21 21 25 16 15 18 17 22 25 18 23 26 22 24 26 20 22 20 20 20 25 21 20 21 19 18 25
5 33 39 31 25 30 26 32 38 31 25 27 33 34 31 25 36 32 35 27 33 28 24 40 40 38 38 43 39 44 34 42 36 44 37 33 39 31 40 43 36 30 30 37 33 44 42 42 27 36 43 35 31 43 34 31 42 31 42 33 43 37 41 42 41 39 37 41 33 42 32 27 27 26 32 39 34 43 40 25 40 32 30 25 41 29 30 26 24 27 25 39 36 29 43 29 29 26 39 36 30
6 32 31 39 47 52 34 55 51 34 38 42 34 47 33 51 36 52 51 53 34 36 47 52 37 31 47 38 51 38 45 55 34 41 31 46 57 46 36 46 32 55 43 51 41 52 46 37 41 33 56 32 54 44 35 40 41 37 31 51 36 52 32 56 48 44 38 39 52 35 31 33 33 47 34 47 45 49 49 56 46 45 54 35 47 44 55 31 36 45 46 34 37 36 49 32 55 53 31 36 44
7 29 37 36 46 43 43 30 34 34 26 33 28 32 45 38 39 26 41 32 41 40 35 37 41 29 42 35 38 39 42 43 32 38 44 33 42 28 28 41 26 27 38 35 35 37 28 29 32 38 30 38 43 47 30 34 39 34 45 28 34 37 36 32 26 31 31 39 39 36 26 28 46 34 46 34 26 34 28 40 37 38 41 45 31 37 26 30 28 35 43 40 26 42 37 46 41 44 46 40 28
8 44 46 43 43 41 26 35 31 29 28 34 38 42 30 40 34 40 34 26 32 42 41 40 39 39 28 28 46 38 35 38 46 36 27 34 37 30 38 27 34 31 35 30 35 34 38 41 36 30 47 28 47 34 37 26 32 47 35 33 27 34 45 34 45 42 47 37 27 39 29 38 26 44 36 46 46 33 36 28 26 28 36 47 48 39 26 37 27 36 27 40 39 36 42 38 32 41 40 29 39
9 24 22 23 21 20 23 25 23 21 17 22 19 16 17 16 26 20 19 17 18 26 15 25 26 24 25 21 26 25 24 24 26 26 20 16 23 25 26 26 20 23 26 20 25 27 17 17 21 27 22 21 16 27 27 24 20 25 16 21 24 15 20 22 15 23 19 15 25 18 26 16 15 15 17 24 21 25 25 18 19 18 17 17 26 18 15 23 26 21 21 17 15 27 25 25 20 26 19 17 16
10 27 21 25 24 32 23 24 24 33 29 35 28 23 33 29 23 20 28 35 32 32 33 27 19 26 20 35 29 29 23 24 24 27 28 20 23 27 32 26 30 34 31 29 21 34 26 33 33 31 22 32 23 28 24 28 21 23 28 22 29 23 20 27 33 22 20 29 28 29 30 31 27 33 35 30 25 31 19 25 35 22 28 30 20 30 29 35 29 31 30 33 19 33 28 32 33 21 19 34 21
11 18 15 12 13 17 15 17 17 16 18 17 14 17 19 12 16 14 13 12 12 15 14 11 15 15 12 14 16 17 19 12 19 19 19 19 19 17 12 17 18 17 11 16 18 18 11 19 19 18 11 19 12 12 14 15 14 18 18 18 11 15 14 16 16 11 15 14 16 16 11 14 14 15 13 19 16 14 12 18 12 11 17 15 16 18 12 12 11 16 11 17 18 12 13 13 14 19 12 16 14
12 15 18 11 17 18 16 15 15 18 12 15 10 11 13 13 11 14 12 12 12 10 11 11 11 17 15 15 13 11 17 13 16 16 11 11 12 15 15 11 11 17 10 13 17 15 12 15 12 10 18 16 15 12 15 13 11 18 15 14 15 11 11 12 15 15 18 16 18 12 14 15 14 15 14 11 16 11 14 11 15 15 17 10 11 12 13 16 13 14 14 16 13 14 12 14 17 16 12 16 12
13 39 36 43 50 38 51 45 48 46 48 42 39 51 51 49 34 46 44 41 52 51 43 30 50 32 37 32 34 40 33 33 33 33 40 37 40 45 30 49 43 44 45 31 37 44 44 43 29 34 36 52 38 53 38 44 40 47 48 37 31 29 30 44 41 31 45 51 30 29 31 38 46 40 47 42 35 30 29 36 33 39 40 44 46 39 43 32 33 40 41 38 31 46 45 47 39 40 37 36 44
14 41 42 57 43 58 40 43 48 41 35 38 59 35 47 39 46 40 39 52 61 36 36 59 48 39 57 42 36 52 53 47 45 36 38 55 55 47 56 45 60 53 44 48 34 48 40 39 39 47 46 49 47 61 48 60 35 48 50 40 35 53 35 34 47 34 60 58 49 40 42 48 55 56 60 39 47 39 49 37 47 35 39 49 36 49 36 57 34 58 50 51 35 51 51 33 45 54 48 54 60
15 24 15 21 19 17 27 18 20 16 22 16 23 26 15 20 26 21 25 17 24 20 15 23 26 23 19 26 20 20 25 21 22 18 23 27 24 21 27 18 22 24 16 23 25 16 17 18 21 25 27 23 25 25 24 15 25 19 23 26 26 23 17 19 23 21 23 25 20 16 19 26 16 21 16 17 17 16 19 19 21 21 23 25 15 27 19 24 22 16 17 18 25 17 15 19 22 25 27 19 20
16 23 18 19 27 18 28 26 26 16 21 23 21 24 27 19 27 18 24 27 24 19 19 19 20 27 21 16 23 28 22 25 26 21 27 19 26 28 27 20 28 21 18 17 17 17 23 21 16 19 25 19 28 27 18 24 24 25 23 27 17 28 17 26 18 25 24 16 22 16 26 28 21 16 16 22 21 17 16 20 18 23 15 26 19 25 23 17 25 17 17 21 21 27 27 23 26 22 28 17 19
17 28 23 25 23 22 25 24 19 28 16 24 25 18 19 22 22 28 20 26 19 16 27 27 22 18 19 18 20 20 23 21 28 22 25 17 28 21 28 25 28 16 26 22 24 27 17 25 28 18 25 16 21 19 20 24 17 28 16 20 27 27 21 20 24 21 26 20 21 27 28 19 18 19 28 27 22 18 25 28 20 20 29 23 24 23 27 28 28 24 23 22 26 26 20 16 21 26 25 21 23
18 24 31 34 37 25 25 38 34 24 31 28 38 40 24 31 32 38 24 32 29 39 41 30 36 32 36 41 37 28 30 24 40 37 38 26 34 28 33 35 32 37 33 29 41 41 30 31 37 29 41 40 23 37 32 32 25 24 25 38 36 41 26 35 25 32 24 36 29 41 41 36 22 33 25 23 35 35 40 26 37 32 31 24 40 35 32 22 27 32 37 35 38 34 34 30 28 34 41 41 27
19 27 34 20 30 26 30 27 32 19 31 31 23 25 30 34 32 34 22 34 34 26 29 22 22 19 27 27 28 22 30 27 30 25 19 22 33 26 24 27 24 24 21 28 23 22 22 28 35 33 29 21 29 29 25 29 22 23 22 24 30 23 26 25 30 25 29 26 25 28 26 32 23 24 29 21 35 30 21 30 21 20 23 33 32 29 28 29 20 32 21 27 29 33 22 21 21 21 22 30 23
20 24 23 23 31 27 35 30 31 22 23 33 34 29 36 34 27 25 24 33 35 21 24 33 29 26 31 26 35 23 32 24 20 21 25 21 31 36 22 34 33 29 35 31 26 28 34 27 25 35 28 33 29 27 30 21 23 32 31 24 30 25 21 36 30 26 32 28 31 27 29 32 35 28 20 31 27 35 24 32 33 20 22 22 26 23 33 24 28 22 20 22 34 25 21 34 33 35 23 28 27
21 39 22 25 28 28 31 36 32 25 34 21 29 32 35 25 36 26 27 38 32 37 29 31 33 30 23 28 28 28 37 31 34 27 33 28 31 32 32 35 30 23 37 32 22 25 26 26 33 30 24 37 36 26 25 34 28 30 29 28 37 23 25 31 36 23 36 24 23 32 27 33 39 24 27 23 37 37 37 23 37 25 30 36 27 37 30 38 24 25 32 33 38 39 29 29 35 34 30 31 36
22 42 62 56 42 40 62 40 41 44 50 63 61 48 54 36 43 55 59 59 52 42 37 41 39 36 63 36 47 54 47 46 39 49 41 35 63 51 55 46 47 53 60 51 56 53 36 51 52 54 36 53 45 41 58 58 59 62 49 43 59 42 50 41 49 41 42 60 54 55 47 42 63 54 63 54 44 51 42 46 43 61 42 61 62 56 46 56 59 60 62 48 63 52 56 60 47 40 43 48 46
23 31 35 44 41 45 30 45 45 36 35 41 36 33 40 38 29 42 27 45 36 25 31 45 32 34 37 41 35 38 46 26 30 29 42 40 46 40 46 27 29 40 30 33 39 38 26 42 29 40 39 31 28 36 29 45 31 29 36 30 33 34 46 30 27 43 38 32 37 33 35 32 36 42 33 42 43 28 28 34 43 44 30 45 27 31 28 30 29 33 38 30 46 39 41 43 36 30 30 38 46
24 56 54 38 52 40 58 51 46 37 45 59 46 43 55 55 55 32 33 53 47 54 47 45 47 48 40 38 45 47 37 51 44 48 42 46 48 42 35 42 35 54 43 34 57 48 38 36 57 42 45 33 50 46 59 51 37 52 50 36 36 50 57 46 48 46 58 53 57 39 39 55 34 40 52 40 57 56 55 41 53 37 36 52 35 46 44 38 49 52 49 34 57 36 42 59 40 39 48 58 43
25 13 12 14 20 18 20 20 16 15 14 17 18 13 13 16 15 16 13 11 11 16 13 13 20 13 16 18 13 18 13 15 21 17 12 14 11 15 16 17 14 19 19 15 20 12 19 20 16 18 21 17 19 20 11 17 15 12 12 18 16 17 16 13 13 14 11 15 16 13 18 18 12 17 15 20 15 20 18 20 17 12 18 18 13 16 17 16 15 13 12 18 20 19 13 12 13 17 16 18 12
26 35 31 26 26 37 22 32 30 30 23 22 30 36 35 24 25 23 29 25 21 26 25 34 38 27 34 21 25 22 21 35 34 33 34 28 30 24 38 23 28 23 22 23 23 34 28 38 30 31 32 22 37 22 34 27 25 25 22 32 30 31 22 30 35 26 22 31 29 31 32 20 25 28 22 36 35 34 23 28 31 23 28 21 31 32 30 25 24 24 27 37 36 24 28 32 33 30 22 22 33
27 38 43 46 45 30 35 38 54 52 46 47 51 41 37 42 45 40 37 46 50 51 40 39 31 50 30 46 37 42 37 34 39 54 53 40 30 47 52 50 37 36 35 44 32 46 47 32 41 50 38 45 49 48 35 43 45 33 37 36 48 48 54 43 39 54 48 48 34 33 42 54 47 52 37 43 52 44 43 52 47 44 53 39 43 47 39 53 39 37 49 33 30 35 46 38 51 35 53 49 48
28 43 29 39 29 29 35 41 34 24 37 26 32 37 25 28 40 38 24 42 25 38 36 24 27 34 34 33 43 38 42 34 42 41 41 29 29 34 30 40 33 34 36 27 32 39 33 34 40 26 44 36 34 41 40 32 40 44 32 32 26 26 36 29 25 30 28 43 35 35 29 32 26 42 37 36 42 24 25 30 42 34 25 38 38 29 28 24 35 37 29 34 38 27 28 29 35 31 39 43 40
29 49 54 38 47 48 50 33 57 51 53 58 47 41 37 40 36 55 40 39 34 41 42 41 52 32 54 57 42 45 50 43 46 36 33 35 37 38 49 58 55 44 49 32 34 53 36 57 39 57 38 58 33 47 56 50 41 49 33 38 55 44 39 50 45 39 42 34 40 46 33 33 44 45 47 36 33 54 51 36 46 51 45 51 58 35 58 37 54 40 51 46 36 48 33 55 34 56 34 44 37
30 26 27 17 30 28 18 19 23 30 19 20 23 26 17 17 23 25 23 19 25 28 23 19 24 20 17 17 22 20 20 23 27 23 19 25 25 21 26 19 28 30 19 29 20 19 19 28 31 30 28 20 27 28 20 18 21 21 28 30 25 23 20 20 23 19 17 30 24 26 26 30 19 25 22 24 20 28 28 31 20 29 23 29 25 29 26 26 24 23 25 21 19 27 28 31 21 21 18 24 24
31 13 9 13 9 10 12 14 14 17 14 11 14 13 9 15 11 16 13 17 13 15 16 15 12 13 11 13 13 9 10 15 12 14 17 11 16 10 15 16 10 14 12 17 11 14 16 10 14 15 9 15 15 13 13 12 16 15 10 9 17 13 17 12 17 13 11 10 17 13 13 17 15 14 10 10 16 12 11 16 13 17 13 16 11 15 13 15 15 15 15 9 10 11 12 10 11 11 11 14 15
32 16 14 15 16 11 18 16 15 16 14 12 14 18 12 19 11 19 11 15 19 19 13 15 18 14 18 18 13 16 17 14 17 11 14 16 14 11 17 18 12 13 11 17 19 12 17 19 16 11 12 13 16 12 11 16 18 14 16 11 11 17 11 18 18 17 16 18 19 17 16 15 13 18 13 16 16 12 13 19 15 19 13 16 17 15 17 17 19 15 17 11 14 18 14 14 13 14 11 18 19
33 32 26 27 33 34 27 37 35 40 31 38 46 36 35 29 39 43 28 30 33 35 31 42 44 45 25 46 41 39 45 45 33 37 35 28 36 35 39 43 40 37 28 39 45 36 29 36 25 33 32 29 43 41 27 39 39 30 27 35 32 33 26 32 36 33 27 30 43 37 26 42 26 34 39 40 30 26 37 45 31 33 46 36 39 46 28 33 41 46 28 43 36 43 28 43 47 27 39 42 27
34 36 37 28 36 33 30 31 22 33 32 24 35 34 28 20 37 32 35 27 24 29 27 22 33 26 22 26 23 21 27 23 25 22 32 29 34 28 37 31 25 28 31 22 34 21 34 21 30 31 34 24 28 33 26 30 21 29 28 31 30 23 32 33 31 35 32 33 37 35 24 35 31 25 30 32 25 36 27 37 37 36 22 28 33 37 38 25 24 27 31 38 27 26 33 27 23 28 35 21 37
35 16 17 16 26 18 26 16 16 15 21 17 16 17 20 18 20 27 27 25 25 17 28 21 16 26 26 28 25 20 28 25 29 23 19 22 24 17 17 27 16 22 21 23 25 18 22 28 28 17 25 19 28 22 26 25 26 19 19 24 19 19 27 18 26 22 20 22 16 20 21 23 18 17 22 19 20 26 15 21 19 27 25 16 19 26 26 25 22 16 25 25 20 24 19 18 23 26 28 24 26
36 11 11 12 13 9 12 8 9 10 8 10 12 12 11 9 11 12 12 8 13 9 12 12 8 10 8 14 14 10 12 10 9 14 12 9 9 8 14 13 9 11 12 14 14 8 12 9 10 9 10 13 8 13 8 11 10 12 13 10 8 8 9 10 13 13 13 12 8 14 9 11 14 13 12 12 12 8 10 9 14 13 8 8 13 9 11 11 10 9 8 14 13 10 12 9 8 9 12 11 8
37 15 23 26 16 19 22 18 22 19 20 21 21 18 17 15 25 23 20 19 21 19 25 25 26 25 24 15 24 26 18 15 19 17 17 25 22 22 18 15 15 20 23 15 21 19 26 25 25 17 17 25 25 25 16 16 16 23 18 21 16 27 25 19 18 16 19 19 26 22 22 17 19 18 19 27 17 26 22 16 27 23 19 20 25 24 16 27 18 17 22 25 25 19 16 27 15 20 25 19 24
38 13 14 11 11 15 13 11 12 15 13 15 15 13 10 17 17 18 18 16 13 17 11 12 17 10 12 12 13 12 12 17 12 15 14 17 10 15 13 16 15 15 14 10 17 10 12 17 14 10 14 18 14 17 18 15 15 15 10 16 14 17 14 15 17 12 18 12 15 10 17 13 13 17 12 11 11 18 10 11 17 11 14 15 13 11 16 16 11 11 17 16 11 14 15 16 14 12 12 16 17
39 18 21 29 24 21 29 25 31 30 30 17 28 21 21 19 29 30 21 18 24 22 28 31 23 17 24 22 21 21 26 28 22 30 29 27 25 30 28 27 24 31 19 19 24 28 22 29 31 27 31 20 25 30 26 24 24 30 20 20 18 30 18 25 27 17 20 24 18 26 24 19 29 17 23 20 21 22 29 27 31 28 28 29 31 31 25 24 17 20 29 25 19 23 26 25 25 22 21 19 29
40 44 29 35 29 43 44 44 31 34 43 46 44 30 27 29 38 35 35 28 41 34 37 43 30 38 45 35 29 31 41 42 36 32 40 25 42 37 45 31 42 34 35 30 28 35 43 43 26 34 29 38 44 26 31 32 43 27 31 37 46 43 42 45 42 29 31 42 40 33 47 46 32 35 46 42 42 45 42 35 42 43 27 29 38 44 33 46 38 42 29 43 26 44 31 46 41 46 44 32 44;
param maxIb: 1 :=
1 27
2 26
3 57
4 26
5 44
6 57
7 47
8 48
9 27
10 35
11 20
12 18
13 53
14 61
15 27
16 29
17 29
18 42
19 35
20 36
21 39
22 64
23 47
24 60
25 21
26 38
27 55
28 44
29 59
30 31
31 17
32 20
33 47
34 38
35 29
36 14
37 27
38 18
39 31
40 47;
param tempoe=0.000320;
