param nvertices=10; #numero de vertices
param ndemandas=40; #numero de demandas
param capacidadeij: 1 2 3 4 5 6 7 8 9 10 :=
 1 100 100 100 100 100 100 100 100 100 100
2 100 100 100 100 100 100 100 100 100 100
3 100 100 100 100 100 100 100 100 100 100
4 100 100 100 100 100 100 100 100 100 100
5 100 100 100 100 100 100 100 100 100 100
6 100 100 100 100 100 100 100 100 100 100
7 100 100 100 100 100 100 100 100 100 100
8 100 100 100 100 100 100 100 100 100 100
9 100 100 100 100 100 100 100 100 100 100
10 100 100 100 100 100 100 100 100 100 100; #Capacidade de banda de comunicacao de cada arco
param Adj: 1 2 3 4 5 6 7 8 9 10 := 
1 0 0 1 0 0 1 1 1 0 1
2 0 0 0 1 1 0 1 0 1 1
3 1 0 0 1 0 1 1 0 0 1
4 0 1 1 0 0 0 1 0 0 0
5 0 1 0 0 0 0 0 0 1 1
6 1 0 1 0 0 0 0 1 0 1
7 1 1 1 1 0 0 0 0 0 0
8 1 0 0 0 0 1 0 0 0 1
9 0 1 0 0 1 0 0 0 0 0
10 1 1 1 0 1 1 0 1 0 0;  #Matriz de adjacencia da topologia
param I: 1 2 3 :=
1 8.000000 5.000000 11.000000
2 2.000000 3.000000 14.000000
3 4.000000 2.000000 17.000000
4 1.000000 9.000000 14.000000
5 8.000000 3.000000 12.000000
6 9.000000 8.000000 13.000000
7 3.000000 6.000000 10.000000
8 7.000000 4.000000 18.000000
9 9.000000 3.000000 14.000000
10 1.000000 5.000000 13.000000
11 3.000000 5.000000 13.000000
12 7.000000 1.000000 10.000000
13 8.000000 7.000000 14.000000
14 9.000000 4.000000 14.000000
15 1.000000 3.000000 12.000000
16 6.000000 9.000000 13.000000
17 8.000000 7.000000 11.000000
18 4.000000 8.000000 17.000000
19 1.000000 2.000000 18.000000
20 1.000000 9.000000 10.000000
21 4.000000 10.000000 13.000000
22 4.000000 10.000000 16.000000
23 10.000000 3.000000 11.000000
24 2.000000 4.000000 12.000000
25 1.000000 5.000000 13.000000
26 5.000000 2.000000 17.000000
27 6.000000 9.000000 13.000000
28 9.000000 7.000000 11.000000
29 3.000000 7.000000 11.000000
30 5.000000 6.000000 14.000000
31 7.000000 6.000000 11.000000
32 1.000000 3.000000 19.000000
33 1.000000 10.000000 13.000000
34 6.000000 5.000000 16.000000
35 9.000000 3.000000 10.000000
36 7.000000 10.000000 13.000000
37 8.000000 7.000000 12.000000
38 3.000000 10.000000 12.000000
39 6.000000 4.000000 10.000000
40 4.000000 1.000000 18.000000;
param Ib: 1 2 3 4 5 6 7 8 9 10 11 12 13 14 15 16 17 18 19 20 21 22 23 24 25 26 27 28 29 30 31 32 33 34 35 36 37 38 39 40 41 42 43 44 45 46 47 48 49 50 51 52 53 54 55 56 57 58 59 60 61 62 63 64 65 66 67 68 69 70 71 72 73 74 75 76 77 78 79 80 81 82 83 84 85 86 87 88 89 90 91 92 93 94 95 96 97 98 99 100 :=
1 25 31 37 49 21 42 39 38 48 51 34 52 55 37 44 23 44 52 34 46 53 29 50 27 25 45 25 25 27 26 25 28 27 43 32 23 40 37 40 40 33 37 23 41 36 33 30 49 28 33 51 35 41 35 36 30 51 33 33 40 41 34 22 30 34 34 27 55 55 21 53 27 24 41 22 40 24 39 31 25 42 57 40 40 34 49 20 48 39 41 52 42 33 19 31 29 46 42 30 24
2 21 25 21 27 13 22 10 26 17 21 12 23 19 25 10 20 14 20 14 24 10 18 24 27 10 16 15 17 21 19 20 19 19 25 10 21 16 18 22 12 9 19 21 26 26 11 20 15 11 23 12 21 21 25 10 24 11 10 14 25 20 26 13 24 13 22 26 13 12 10 10 19 26 12 24 11 15 12 17 12 21 15 17 10 22 17 15 23 22 20 16 10 14 14 27 20 27 10 10 26
3 11 10 16 20 12 14 10 19 19 20 7 13 8 12 17 13 18 13 8 20 13 9 10 13 19 10 19 16 10 12 11 8 12 8 21 18 15 12 7 13 8 14 19 15 13 8 9 12 19 9 15 10 9 12 11 18 20 19 10 20 16 14 8 20 17 11 19 18 12 20 18 14 18 15 16 9 20 18 18 7 18 21 11 11 19 16 16 18 18 14 17 8 11 21 10 17 12 8 16 14
4 27 14 25 13 14 16 25 17 28 17 27 12 11 13 22 24 26 29 26 21 27 21 27 22 22 19 20 25 11 25 13 25 15 26 22 18 24 26 21 19 14 11 13 23 17 11 29 29 12 19 29 15 16 30 22 15 18 14 11 13 29 29 26 15 12 20 21 26 23 14 20 13 14 26 30 11 22 23 28 27 21 27 26 15 12 13 15 27 30 10 15 29 23 17 12 25 22 29 29 26
5 21 45 21 29 21 41 29 23 30 34 48 39 26 43 37 43 36 34 43 34 44 40 21 31 34 40 31 22 22 43 17 41 38 48 28 20 18 40 26 37 45 36 28 34 16 36 40 24 25 34 34 38 18 36 47 16 21 29 40 39 24 46 38 28 24 43 27 23 30 23 30 44 18 25 37 17 34 46 17 34 24 36 35 19 33 33 18 22 24 47 23 42 46 32 36 30 18 35 45 31
6 54 49 41 47 25 34 26 27 35 53 31 57 38 35 57 50 59 59 51 43 33 60 48 33 54 23 48 58 41 28 47 49 28 54 48 39 46 38 47 47 59 52 59 24 27 21 39 52 53 39 60 36 57 34 25 58 33 56 54 41 29 46 43 44 41 58 39 32 33 61 38 38 21 38 31 52 61 52 55 31 55 55 48 49 58 61 52 48 26 42 41 46 39 39 39 35 58 48 24 45
7 6 14 9 11 11 18 12 13 12 13 9 6 7 10 12 12 8 6 16 12 8 7 7 17 7 9 9 9 15 12 14 18 13 17 15 17 8 7 16 17 13 13 17 12 8 11 17 12 16 8 11 17 18 17 17 10 13 18 6 9 11 16 10 12 17 14 9 14 17 9 17 7 15 11 9 14 15 11 10 8 9 14 7 14 7 16 14 13 9 8 6 10 13 14 10 7 13 9 9 7
8 23 58 24 33 30 26 26 49 53 25 48 51 57 65 60 30 45 26 27 26 32 24 42 24 41 25 29 47 24 44 42 54 49 34 28 64 66 62 33 23 60 29 67 54 44 54 45 27 24 57 61 39 57 36 32 67 48 48 67 64 66 39 60 46 66 34 39 65 66 61 60 61 51 29 59 24 43 40 55 30 50 30 26 53 50 54 26 37 41 66 30 51 45 25 54 67 25 46 63 37
9 26 25 39 44 39 16 42 28 22 46 23 16 34 43 16 25 17 20 41 26 33 20 44 17 37 24 28 33 39 37 26 28 37 29 34 45 36 23 25 35 40 45 31 33 35 27 25 20 18 21 23 44 45 20 41 46 42 34 45 36 45 38 42 18 32 35 26 45 28 33 45 25 28 41 43 22 36 32 41 41 41 23 40 29 46 35 28 33 25 32 37 20 29 21 27 22 23 46 20 45
10 36 66 33 46 58 43 25 27 59 60 45 42 26 39 66 46 33 66 25 31 23 44 27 40 23 45 59 47 41 46 41 57 65 63 64 54 34 41 36 33 33 61 40 37 33 50 56 62 63 58 29 58 37 54 55 61 58 30 31 63 53 58 32 43 67 35 38 32 25 45 59 46 46 51 23 63 67 52 27 35 49 64 39 53 65 27 66 34 57 30 48 65 65 35 63 45 65 64 55 48
11 46 34 31 21 36 37 39 21 28 36 20 25 40 34 35 41 55 37 47 20 44 42 23 55 24 49 51 42 25 42 52 26 50 39 21 53 48 26 44 38 45 48 19 48 19 21 29 26 27 34 20 48 52 21 27 25 47 27 54 30 48 50 40 41 47 32 39 41 35 31 55 40 25 34 31 48 29 37 35 27 22 20 19 54 53 23 31 34 43 42 24 30 50 46 23 55 51 47 51 46
12 14 30 11 17 16 14 24 24 29 24 17 16 23 13 21 30 12 29 13 18 15 19 27 16 23 14 27 17 11 19 27 19 13 13 17 27 17 14 11 11 25 21 26 26 11 23 19 29 15 23 14 19 11 21 10 21 24 19 11 16 28 17 25 12 23 12 24 14 28 15 28 21 15 18 27 22 21 20 16 12 24 16 14 21 29 12 12 22 15 20 19 10 12 26 13 18 10 12 22 11
13 37 34 21 36 19 25 24 37 18 29 35 20 36 30 30 23 17 22 23 23 22 18 18 29 35 34 37 22 31 35 30 34 35 29 15 29 37 27 34 27 31 33 25 32 21 14 21 29 29 27 26 25 18 28 23 14 20 29 14 35 27 30 30 20 32 14 24 19 22 16 17 23 24 31 30 31 16 18 26 26 24 37 21 20 17 27 31 28 15 26 18 22 33 36 26 30 26 28 15 24
14 40 46 36 34 25 19 24 49 50 37 45 22 36 20 23 25 31 20 41 29 55 22 20 36 31 36 21 55 31 35 30 25 38 53 35 41 40 19 30 45 49 20 42 55 27 50 49 40 45 50 19 41 51 23 29 44 44 44 41 21 46 47 29 30 36 45 23 32 25 46 25 34 24 42 26 43 21 52 23 44 39 53 31 40 50 40 21 20 54 39 26 28 47 30 27 53 52 44 52 54
15 36 22 26 47 44 22 36 19 34 41 38 47 35 32 20 20 32 42 29 19 33 46 34 20 19 45 31 23 49 48 22 32 30 32 27 42 27 47 32 31 17 47 28 40 40 32 20 21 31 37 35 47 37 19 38 42 44 39 39 22 29 22 35 48 33 40 22 32 31 39 45 35 38 44 23 43 47 17 32 34 48 26 25 22 31 26 45 22 21 42 47 36 35 36 26 20 41 29 26 45
16 31 42 19 32 45 46 21 23 42 43 40 33 20 17 17 27 17 47 25 19 41 17 25 20 45 28 30 39 22 35 25 26 43 28 34 36 36 29 45 39 48 27 48 46 43 19 47 24 39 21 38 34 37 44 24 35 26 38 43 24 37 32 33 43 27 31 45 23 18 46 29 34 19 29 33 16 32 19 24 17 31 27 42 31 27 22 24 46 40 41 28 23 40 22 24 32 40 47 17 47
17 16 20 27 29 25 15 27 16 18 14 18 25 24 17 22 10 12 20 20 16 13 13 12 15 13 23 18 27 24 24 21 30 23 21 30 18 23 13 29 16 18 26 22 28 20 11 14 15 27 21 17 27 25 21 14 26 24 17 13 27 13 27 16 28 19 24 15 14 13 22 16 24 14 12 10 17 16 16 22 18 23 16 20 30 15 28 16 22 21 25 22 14 11 27 25 26 16 17 13 15
18 25 20 37 34 57 44 38 56 47 24 22 25 27 22 20 53 43 41 38 38 35 36 49 55 38 25 26 48 49 42 41 35 52 23 42 38 29 25 20 33 47 46 27 49 20 29 54 38 23 55 36 47 31 56 50 38 39 52 47 40 29 31 39 30 23 49 41 41 52 22 47 22 46 50 48 49 45 48 34 51 24 41 34 42 29 54 50 32 39 21 48 25 56 23 28 38 23 51 41 49
19 10 12 13 6 6 8 15 9 12 11 7 5 9 12 13 9 9 11 11 13 7 13 9 11 12 14 11 14 12 12 6 7 6 12 14 12 5 8 5 11 14 12 10 8 11 13 8 12 10 11 11 15 7 11 13 6 10 9 10 12 11 7 9 9 9 13 11 14 10 6 10 14 14 6 7 7 12 7 5 9 8 11 8 8 7 11 9 7 8 7 9 7 12 13 14 14 12 11 11 14
20 20 24 35 30 38 26 31 29 23 21 43 23 43 26 33 32 39 22 47 24 40 42 34 16 28 43 20 20 29 24 34 30 25 18 38 43 27 38 26 44 39 32 37 23 19 31 42 25 45 17 26 32 33 17 32 18 18 35 32 16 44 40 19 48 36 19 40 28 37 44 17 43 17 25 30 40 20 45 36 30 22 38 45 42 34 21 36 31 19 17 40 36 31 48 40 35 47 26 29 20
21 23 25 12 29 17 19 24 30 17 16 22 27 16 29 13 26 29 16 18 15 23 19 29 17 33 16 17 12 22 31 26 13 27 21 15 30 17 21 29 33 14 33 18 23 21 29 22 19 22 16 28 23 26 32 15 31 22 27 27 16 27 31 13 23 16 13 12 32 15 28 32 11 30 13 18 25 33 24 26 28 32 12 13 24 16 26 14 21 32 20 15 31 31 11 18 29 28 28 23 19
22 60 26 23 36 42 53 29 27 49 48 38 58 27 22 34 48 30 46 57 56 49 33 59 21 35 44 33 42 27 46 53 32 47 33 32 47 52 45 55 55 31 29 33 50 43 39 41 49 45 55 42 39 20 46 45 28 31 46 48 26 28 27 39 35 57 25 44 32 20 27 50 54 37 53 38 28 52 60 36 56 28 28 25 37 27 55 26 35 44 28 27 60 44 28 37 28 27 47 47 38
23 20 20 47 52 18 43 37 23 27 40 40 37 36 30 42 41 26 47 20 29 38 22 37 22 18 43 32 35 35 29 49 47 30 49 36 27 49 45 19 49 23 41 19 36 36 37 48 27 36 19 33 41 30 37 45 25 50 31 31 28 52 18 47 52 38 25 22 31 31 29 40 28 19 27 34 44 23 38 36 26 40 18 23 25 39 24 35 31 45 19 34 51 38 22 31 29 29 19 44 42
24 17 28 36 26 36 16 21 30 35 22 36 34 28 30 13 35 29 23 14 20 32 16 18 39 19 36 14 20 33 33 21 24 39 28 29 26 21 34 36 39 20 22 30 15 14 20 23 28 29 20 19 28 15 32 23 38 26 25 22 29 35 15 36 31 32 16 24 34 34 25 13 18 34 16 15 39 21 24 32 32 34 30 33 23 27 35 15 37 36 19 16 29 29 22 24 22 16 32 22 18
25 26 26 31 30 18 14 27 35 20 34 31 24 32 25 35 30 23 20 22 14 16 22 22 20 18 25 20 21 33 21 17 31 18 12 25 15 24 28 35 34 23 31 30 14 27 17 34 35 12 17 33 12 21 17 26 27 21 25 15 16 22 23 20 29 25 33 33 23 30 14 32 14 29 22 30 20 23 22 30 21 17 17 32 20 16 29 35 12 33 23 35 13 16 25 29 25 34 27 35 22
26 19 23 40 39 26 38 47 45 40 21 36 26 41 23 40 41 48 20 21 36 19 31 27 22 39 23 50 45 31 33 48 20 48 52 32 27 27 19 46 27 34 41 19 23 21 38 46 40 24 26 49 19 43 52 24 40 33 23 20 31 19 26 32 33 39 30 44 43 42 32 52 32 47 32 24 38 28 39 24 49 42 22 42 23 43 43 41 46 23 30 51 51 41 29 48 31 43 39 26 51
27 30 47 38 49 44 30 34 55 24 31 52 48 56 20 30 29 58 43 60 51 24 51 53 23 54 56 40 50 24 35 54 41 47 32 59 45 56 39 48 34 21 40 45 50 28 28 28 38 26 46 22 47 30 29 35 30 34 47 22 28 24 36 28 34 34 24 51 25 47 50 37 32 23 45 29 53 59 42 36 29 46 55 47 58 51 41 41 21 26 27 29 59 44 30 24 21 57 41 54 58
28 30 37 37 50 48 24 38 56 25 49 24 20 29 25 35 53 22 38 52 43 37 31 44 53 29 28 56 37 38 43 37 32 35 53 43 39 25 48 37 34 52 28 49 28 46 55 40 43 44 42 38 36 27 54 25 19 31 28 28 45 57 23 46 34 45 26 38 46 41 32 57 40 53 54 34 38 27 40 36 43 48 46 45 32 25 52 32 36 39 31 37 45 40 27 32 26 28 31 54 27
29 49 37 46 43 46 32 24 24 38 44 35 19 33 42 39 22 49 19 33 19 38 17 23 19 17 33 20 32 32 37 38 19 42 36 20 26 45 46 37 34 42 40 21 36 21 25 44 20 18 47 19 25 38 25 42 31 24 21 20 42 35 17 29 29 17 21 20 28 20 44 21 38 19 19 43 41 33 30 22 35 31 49 21 49 18 35 47 30 28 40 36 32 19 26 20 22 25 33 45 17
30 51 48 20 46 33 49 25 35 39 52 39 35 44 43 48 20 38 37 25 45 51 20 43 30 20 55 53 46 21 37 20 52 54 19 52 19 44 27 22 40 23 53 31 45 36 45 20 55 28 23 21 37 33 51 39 42 20 21 33 34 31 53 29 26 28 38 42 37 32 55 19 37 35 37 48 20 23 32 46 53 31 38 41 20 41 33 23 49 41 53 33 29 44 43 51 41 27 36 50 38
31 23 16 34 36 36 13 30 24 26 35 37 31 17 21 13 25 27 28 27 33 25 29 22 31 33 30 17 37 13 20 27 25 19 37 19 24 26 32 18 37 17 34 29 37 22 32 32 25 29 20 14 33 13 16 30 24 32 23 16 26 16 33 37 15 13 35 24 32 16 14 26 23 16 22 18 19 37 26 16 22 29 36 22 24 17 22 15 36 13 13 37 24 29 31 27 22 34 13 29 19
32 13 12 22 10 18 18 17 21 13 18 16 14 17 17 9 21 22 11 15 9 12 18 10 8 10 13 10 20 22 13 19 20 8 10 19 14 16 15 8 9 11 19 19 10 11 8 9 11 17 10 10 11 18 19 13 16 18 8 9 8 18 17 19 22 20 10 22 17 16 19 14 15 16 19 22 18 11 8 11 19 21 18 22 20 15 8 19 21 22 10 12 11 10 9 14 17 16 22 14 20
33 8 11 14 12 15 7 9 10 7 11 11 12 9 8 7 13 14 14 12 12 7 13 12 8 10 5 12 13 14 12 7 9 8 11 8 6 13 9 11 15 6 15 14 10 14 14 15 10 15 14 7 6 6 7 10 11 11 10 12 14 8 13 12 5 5 11 7 12 13 12 10 6 14 8 15 10 14 9 12 8 6 6 15 9 14 10 13 6 8 14 7 7 13 6 5 7 6 5 12 7
34 34 26 34 34 43 51 37 39 22 52 39 31 25 43 35 25 37 38 18 40 26 51 51 48 25 48 25 46 28 33 34 31 38 51 32 21 46 44 23 38 40 45 20 46 37 48 36 41 50 23 24 33 32 41 30 44 34 20 46 38 50 46 38 23 28 19 41 45 22 47 47 24 51 41 45 19 34 41 34 52 35 35 22 45 22 51 27 19 52 30 52 45 46 30 23 21 30 29 41 33
35 25 33 38 40 39 30 40 30 27 37 37 20 21 38 22 39 42 31 40 34 33 28 26 31 38 34 23 32 37 37 18 22 30 32 22 39 20 39 17 37 18 20 17 20 40 18 39 16 40 26 25 25 33 38 29 25 41 15 14 27 30 34 33 26 42 26 35 33 16 36 16 19 17 15 24 38 17 41 30 42 22 28 28 15 17 41 38 30 29 36 31 25 32 37 41 16 15 23 35 39
36 38 18 15 30 42 20 28 39 26 15 21 38 23 16 32 30 31 20 17 16 43 41 37 32 43 21 28 34 42 30 32 18 43 23 25 40 25 42 17 18 41 35 24 20 15 30 32 40 27 28 15 38 29 37 31 38 42 22 20 37 40 29 25 41 22 40 20 23 31 43 18 26 29 20 25 35 32 43 39 42 22 20 26 15 25 16 20 20 40 24 40 30 20 36 29 36 33 32 35 24
37 48 35 63 38 40 26 23 64 57 30 53 37 54 52 50 61 64 61 40 46 63 45 35 64 47 57 26 54 25 44 26 64 38 35 51 48 39 24 47 36 57 40 22 47 50 57 35 24 29 28 40 39 38 25 38 29 41 49 38 32 31 39 51 27 33 39 37 53 56 64 24 41 49 57 38 46 55 23 52 41 27 25 29 59 28 44 64 44 30 64 48 53 42 43 38 23 29 59 26 32
38 40 27 63 43 60 65 53 44 26 31 28 23 47 65 30 60 62 52 47 67 42 24 44 33 44 68 36 60 29 61 66 49 53 55 41 48 31 53 68 48 26 52 68 33 28 36 59 43 51 62 27 66 38 23 35 43 45 56 48 62 63 32 41 56 26 28 54 68 48 35 36 27 65 53 26 66 41 52 43 37 54 63 33 30 50 60 26 45 48 39 51 65 28 51 47 25 62 26 33 43
39 69 66 49 42 32 61 70 45 38 26 56 28 50 68 58 26 37 58 45 54 55 46 41 60 59 35 50 63 60 56 59 47 44 36 56 71 47 31 46 31 65 29 42 46 65 46 41 57 31 67 46 36 37 59 37 72 57 64 42 59 38 70 58 63 43 49 48 32 29 45 42 70 71 41 73 65 50 53 26 72 44 54 39 34 61 41 65 51 25 48 66 52 72 59 56 56 69 30 59 54
40 13 15 35 12 19 27 17 29 13 32 22 12 13 24 25 23 27 12 33 13 26 21 17 35 15 18 33 15 18 12 18 33 20 32 23 23 21 28 31 32 30 15 36 32 25 16 22 26 34 32 30 29 12 21 22 26 29 35 20 20 34 16 22 30 13 30 33 13 33 34 17 18 26 22 14 34 26 18 22 33 21 30 17 19 13 22 17 22 25 31 35 33 24 30 32 28 20 30 35 28;
param maxIb: 1 :=
1 57
2 27
3 21
4 30
5 48
6 62
7 18
8 68
9 47
10 68
11 56
12 30
13 38
14 56
15 50
16 48
17 30
18 57
19 15
20 48
21 33
22 60
23 53
24 39
25 36
26 53
27 60
28 57
29 50
30 56
31 38
32 23
33 15
34 53
35 42
36 44
37 65
38 69
39 74
40 36;
param tempoe=0.000517;
