param nvertices=10; #numero de vertices
param ndemandas=40; #numero de demandas
param capacidadeij: 1 2 3 4 5 6 7 8 9 10 :=
 1 100 100 100 100 100 100 100 100 100 100
2 100 100 100 100 100 100 100 100 100 100
3 100 100 100 100 100 100 100 100 100 100
4 100 100 100 100 100 100 100 100 100 100
5 100 100 100 100 100 100 100 100 100 100
6 100 100 100 100 100 100 100 100 100 100
7 100 100 100 100 100 100 100 100 100 100
8 100 100 100 100 100 100 100 100 100 100
9 100 100 100 100 100 100 100 100 100 100
10 100 100 100 100 100 100 100 100 100 100; #Capacidade de banda de comunicacao de cada arco
param Adj: 1 2 3 4 5 6 7 8 9 10 := 
1 0 0 0 0 0 1 0 0 1 1
2 0 0 1 0 1 0 0 0 0 1
3 0 1 0 1 1 0 0 1 0 0
4 0 0 1 0 0 0 1 1 0 0
5 0 1 1 0 0 0 0 0 0 1
6 1 0 0 0 0 0 0 0 0 1
7 0 0 0 1 0 0 0 1 1 0
8 0 0 1 1 0 0 1 0 0 0
9 1 0 0 0 0 0 1 0 0 1
10 1 1 0 0 1 1 0 0 1 0;  #Matriz de adjacencia da topologia
param I: 1 2 3 :=
1 5.000000 4.000000 16.000000
2 5.000000 2.000000 18.000000
3 7.000000 9.000000 13.000000
4 4.000000 3.000000 12.000000
5 7.000000 9.000000 12.000000
6 7.000000 1.000000 15.000000
7 1.000000 5.000000 15.000000
8 6.000000 1.000000 17.000000
9 7.000000 1.000000 19.000000
10 2.000000 7.000000 19.000000
11 5.000000 9.000000 17.000000
12 1.000000 4.000000 19.000000
13 4.000000 7.000000 18.000000
14 1.000000 6.000000 13.000000
15 5.000000 8.000000 19.000000
16 8.000000 10.000000 14.000000
17 2.000000 1.000000 18.000000
18 9.000000 3.000000 19.000000
19 3.000000 6.000000 11.000000
20 2.000000 9.000000 15.000000
21 9.000000 5.000000 17.000000
22 1.000000 4.000000 17.000000
23 6.000000 1.000000 11.000000
24 5.000000 4.000000 19.000000
25 5.000000 3.000000 11.000000
26 10.000000 4.000000 11.000000
27 2.000000 3.000000 12.000000
28 8.000000 3.000000 11.000000
29 4.000000 7.000000 16.000000
30 5.000000 7.000000 11.000000
31 7.000000 5.000000 16.000000
32 10.000000 2.000000 12.000000
33 4.000000 9.000000 16.000000
34 6.000000 1.000000 12.000000
35 5.000000 2.000000 19.000000
36 5.000000 7.000000 17.000000
37 2.000000 8.000000 15.000000
38 6.000000 1.000000 18.000000
39 10.000000 5.000000 12.000000
40 7.000000 1.000000 13.000000;
param Ib: 1 2 3 4 5 6 7 8 9 10 11 12 13 14 15 16 17 18 19 20 21 22 23 24 25 26 27 28 29 30 31 32 33 34 35 36 37 38 39 40 41 42 43 44 45 46 47 48 49 50 51 52 53 54 55 56 57 58 59 60 61 62 63 64 65 66 67 68 69 70 71 72 73 74 75 76 77 78 79 80 81 82 83 84 85 86 87 88 89 90 91 92 93 94 95 96 97 98 99 100 :=
1 24 25 32 27 24 23 31 27 31 24 20 19 19 23 30 28 23 23 28 25 26 22 31 27 18 24 23 30 29 20 31 24 19 27 23 25 29 23 22 27 20 32 23 26 30 26 25 19 28 26 25 22 32 28 21 32 23 22 28 22 25 26 24 18 27 18 22 21 20 21 31 29 28 26 27 21 32 21 26 31 31 28 21 24 18 27 20 18 26 18 21 19 26 18 22 31 26 27 22 21
2 31 34 26 29 42 33 36 44 33 35 44 42 43 26 27 28 34 33 34 27 37 28 41 45 28 41 30 44 32 30 30 45 25 37 35 34 30 27 35 26 28 37 37 36 25 40 35 37 27 43 33 26 43 36 37 26 45 33 27 27 44 44 27 39 42 38 33 26 28 36 43 39 38 39 45 44 25 31 29 31 31 32 26 26 35 29 45 36 37 28 42 39 34 25 42 32 40 36 33 35
3 34 41 44 34 40 52 38 32 35 34 38 38 38 49 32 40 34 46 45 41 47 49 53 49 42 48 44 38 34 47 39 51 51 37 35 31 41 40 29 39 43 45 40 46 36 29 51 43 43 51 33 30 34 49 40 37 36 41 36 41 50 48 33 41 50 51 52 50 34 37 44 33 43 36 44 49 39 35 43 48 40 37 29 36 37 52 38 50 49 30 50 53 31 29 40 41 40 32 35 31
4 21 20 18 17 23 18 22 16 24 15 20 22 26 22 15 15 21 20 14 18 19 15 14 16 19 15 26 21 19 22 19 17 23 25 15 21 25 16 19 21 26 18 21 25 24 22 18 24 25 17 15 19 22 15 19 21 25 14 20 14 24 17 18 26 25 24 23 17 15 14 25 24 23 18 20 14 20 19 18 24 24 21 25 15 16 22 17 20 22 25 25 18 16 19 21 22 15 22 18 21
5 17 17 15 20 19 20 19 17 22 19 17 17 13 15 14 18 16 19 21 14 12 18 19 21 14 15 19 21 16 21 17 18 20 19 21 18 19 14 17 13 22 13 19 16 16 17 12 15 15 21 14 20 13 22 15 13 13 18 16 20 18 18 14 19 17 15 21 18 21 15 18 21 22 17 14 18 16 19 20 17 17 15 22 15 18 15 16 21 15 16 14 19 18 20 22 15 17 15 15 15
6 28 22 30 26 26 28 20 29 24 30 20 33 28 30 20 32 30 23 33 33 33 22 32 33 29 26 21 26 21 19 32 23 26 25 28 32 32 25 26 21 32 20 33 20 19 24 27 30 31 28 34 30 30 19 22 21 19 31 30 31 21 27 19 22 28 32 22 30 30 29 24 30 27 20 24 23 25 22 31 30 28 24 32 22 20 21 26 24 33 22 32 25 21 22 19 28 21 22 26 25
7 41 43 28 38 36 40 25 33 42 33 33 29 32 34 27 38 31 36 37 30 44 26 44 38 36 44 31 35 44 26 36 35 43 44 34 44 29 32 34 39 34 34 35 41 45 41 27 37 33 37 40 43 26 39 25 36 40 41 38 30 33 27 37 27 43 37 29 33 34 33 27 44 26 29 33 31 33 41 29 29 41 41 40 38 25 34 34 33 32 38 35 42 44 41 41 33 34 29 40 25
8 19 30 26 25 32 22 30 21 20 24 21 32 19 28 21 21 30 23 28 28 31 19 20 28 24 23 21 23 30 33 21 26 26 30 29 24 26 29 32 21 23 25 20 23 24 20 29 20 30 31 32 19 31 32 25 20 21 19 28 33 21 18 27 23 26 27 26 24 27 22 26 23 27 18 32 23 20 26 26 23 21 26 30 22 25 21 23 19 32 30 28 33 25 33 23 23 28 32 30 20
9 17 21 17 16 23 17 16 22 26 24 19 27 16 18 20 20 17 17 18 27 23 25 15 20 17 18 22 25 19 15 16 17 18 23 18 19 23 25 26 16 17 21 27 26 15 21 17 27 27 23 21 22 25 15 20 25 17 25 24 15 15 16 20 17 22 21 24 27 15 24 15 24 24 23 20 22 23 17 16 18 18 15 18 16 23 19 15 23 18 18 20 27 20 24 19 24 16 16 15 16
10 23 18 16 18 23 21 16 23 22 22 17 16 18 25 21 22 24 17 24 26 25 27 23 27 19 27 18 26 27 21 27 29 24 29 20 25 20 25 24 28 29 23 29 23 27 29 20 18 24 17 19 26 20 25 22 27 23 17 17 25 25 23 18 18 30 20 18 27 17 17 17 24 17 18 20 19 29 25 27 22 26 29 22 20 17 20 23 16 23 17 25 27 24 20 24 26 18 19 30 27
11 16 12 18 16 13 13 18 12 11 17 19 18 19 14 11 15 11 16 12 11 16 12 13 12 16 17 17 14 13 18 18 18 15 17 12 12 11 19 11 19 13 12 16 11 12 19 19 14 15 17 18 15 14 19 16 16 18 16 16 17 13 16 13 15 15 16 11 15 19 12 12 13 12 15 17 15 12 18 15 14 12 16 12 18 11 19 16 18 13 17 11 12 15 13 19 18 12 16 12 18
12 22 18 23 17 18 17 14 21 17 13 18 17 17 16 22 13 20 18 16 17 19 22 16 23 13 19 19 16 18 16 22 18 17 20 15 18 22 19 23 19 18 17 15 16 17 22 23 16 19 16 16 19 18 13 20 20 15 14 19 13 16 22 15 23 17 15 19 14 19 17 18 19 17 22 16 14 16 20 20 23 20 15 15 15 14 15 23 19 18 21 18 14 20 18 19 20 16 16 22 18
13 41 40 29 33 34 26 24 33 43 32 32 37 32 35 38 43 42 41 25 35 43 34 41 25 42 27 40 37 37 41 35 26 24 43 44 25 37 36 32 26 36 39 39 26 29 40 37 36 32 26 32 35 35 31 44 24 29 39 34 38 30 37 25 31 42 37 37 26 43 28 25 33 36 25 36 44 39 30 42 41 35 32 40 30 33 33 37 40 41 31 30 28 43 31 44 26 41 35 39 36
14 38 38 46 35 38 37 27 43 37 33 30 35 31 32 45 37 49 44 45 41 41 48 27 43 41 36 48 28 29 42 46 43 27 35 43 41 42 44 39 28 28 33 42 32 48 49 37 40 31 27 42 31 41 47 33 39 49 37 28 40 49 42 39 46 33 46 40 34 42 37 40 29 38 38 41 39 40 42 39 39 35 35 46 44 42 42 37 28 43 49 43 41 29 40 45 45 49 38 35 45
15 13 18 18 11 16 19 15 19 12 18 17 14 15 13 11 16 19 12 13 19 15 11 18 18 19 13 13 14 12 12 16 16 12 19 12 18 17 11 18 17 18 16 14 14 13 15 12 19 17 12 14 12 17 14 18 13 19 16 12 11 15 11 14 13 14 18 16 19 19 18 16 16 16 19 18 15 17 16 12 11 17 11 16 16 13 15 16 15 16 11 16 19 11 17 17 12 19 16 14 11
16 32 46 42 30 43 37 41 27 42 31 42 29 32 33 33 29 36 43 32 26 38 37 36 34 37 43 32 30 38 26 29 39 27 26 40 28 36 31 34 33 34 46 39 43 36 42 36 32 43 43 40 32 28 38 40 32 45 37 31 41 40 36 37 35 40 36 38 27 42 38 39 46 32 44 27 28 45 32 44 46 31 26 32 27 36 39 29 34 39 31 31 35 31 37 30 30 45 33 33 46
17 32 30 37 29 23 40 28 35 37 37 30 38 39 34 32 29 28 30 25 25 39 40 23 32 25 31 24 28 30 33 38 38 37 32 36 30 36 30 34 33 37 35 38 37 27 34 30 27 36 40 37 29 35 26 34 27 41 38 30 24 27 40 30 38 24 39 27 31 34 31 27 37 33 40 34 40 33 38 29 35 38 32 31 30 31 27 32 32 31 26 40 26 41 33 41 23 26 30 27 41
18 14 20 20 17 12 13 14 17 17 14 19 16 16 12 20 15 12 12 14 20 12 17 16 14 19 19 20 19 13 17 19 18 16 13 20 20 21 17 20 19 19 17 12 15 17 20 13 19 18 20 18 17 17 17 15 13 20 20 12 13 13 18 13 20 12 13 13 19 20 20 12 12 18 19 13 14 17 17 15 18 20 14 21 21 13 13 12 14 15 19 11 20 13 13 12 19 20 18 12 15
19 52 39 50 40 46 46 53 43 32 52 32 47 30 38 35 43 40 34 49 50 39 48 52 43 48 39 31 37 40 37 53 38 44 34 37 45 52 33 34 46 45 35 49 31 43 45 36 39 39 35 38 45 40 44 48 45 33 53 53 45 45 47 32 33 42 45 43 49 45 50 47 47 52 50 33 29 41 39 39 53 49 37 36 49 48 35 32 48 32 40 37 34 49 29 40 37 31 50 53 35
20 46 33 49 43 44 35 44 45 42 37 53 36 39 38 35 51 47 33 39 51 50 46 36 46 33 43 50 38 37 33 44 52 33 52 48 32 36 49 50 35 49 48 47 44 34 31 33 30 40 50 43 39 43 54 34 48 53 41 51 50 41 35 44 43 45 37 48 38 34 35 54 42 53 37 55 45 36 34 36 33 51 53 47 51 42 45 36 39 39 46 32 53 35 51 54 34 54 44 35 47
21 15 23 15 22 21 21 18 14 21 22 17 23 16 14 13 15 15 23 23 19 21 21 18 15 22 19 23 19 17 18 19 19 18 16 18 21 16 21 20 15 22 17 20 14 19 19 13 21 21 16 16 16 17 21 13 20 13 14 17 20 16 15 15 14 21 17 15 20 22 15 17 22 23 16 19 20 19 23 18 18 20 14 22 14 14 21 17 19 13 13 16 19 18 17 15 23 14 13 21 23
22 26 18 22 27 24 16 18 27 20 19 19 23 15 16 22 20 19 27 22 20 24 16 16 21 25 25 25 24 19 27 23 21 26 27 24 16 25 15 21 23 26 23 22 27 23 18 23 16 24 17 25 15 24 20 27 18 21 27 26 27 21 15 15 22 15 16 19 15 23 23 22 24 26 21 22 15 19 26 15 23 23 16 16 20 23 20 16 17 21 15 21 23 25 20 18 22 18 27 25 15
23 38 25 36 22 26 34 29 22 26 23 38 32 22 33 32 30 21 37 37 32 38 23 21 37 24 28 33 34 29 34 33 27 28 37 33 25 23 26 37 36 37 33 23 23 28 27 25 25 29 37 27 31 23 27 38 24 36 32 32 36 34 22 32 28 26 28 37 28 28 37 32 23 35 24 28 28 28 35 25 25 27 37 31 33 23 31 35 26 30 38 21 36 35 28 29 26 37 29 36 24
24 25 19 24 17 23 30 20 20 19 23 24 26 28 20 23 19 23 24 18 21 25 28 31 29 20 22 29 26 30 29 19 27 19 23 23 26 22 30 25 18 31 17 23 17 22 25 31 26 30 30 18 27 24 24 31 29 22 19 23 31 18 19 31 31 20 18 20 17 18 26 25 23 29 28 26 17 29 29 21 25 20 29 30 21 30 21 18 21 20 28 21 31 25 29 24 19 27 19 30 28
25 9 11 7 8 11 9 11 10 8 9 12 8 8 13 11 7 8 11 10 9 7 9 8 12 12 12 9 10 9 12 8 10 10 10 8 11 11 7 9 8 12 8 10 9 13 13 10 9 9 8 8 8 12 10 7 12 12 11 7 10 11 10 9 10 10 11 9 10 10 10 12 13 8 11 9 7 11 9 9 8 8 7 8 8 12 11 11 8 8 8 11 13 9 12 9 8 11 9 10 7
26 43 45 33 47 39 53 36 50 43 43 55 34 45 37 36 42 44 53 59 46 50 34 37 46 54 47 36 44 35 37 47 54 40 32 51 36 43 35 60 54 49 38 46 38 59 37 36 42 55 56 41 49 55 55 37 52 51 41 35 37 46 51 35 49 57 54 35 37 59 58 41 40 43 45 54 53 34 56 39 44 36 36 46 44 59 39 39 52 41 51 58 51 47 50 42 44 52 50 54 46
27 27 41 40 38 40 29 45 38 41 39 37 44 34 39 29 44 41 28 28 27 46 28 34 37 39 34 39 30 43 35 45 27 32 41 38 27 46 29 39 45 44 43 33 36 42 39 44 36 32 35 43 42 38 29 35 33 30 31 37 39 45 37 28 28 47 40 45 39 34 35 39 39 29 45 31 37 44 42 42 31 38 41 45 30 45 47 45 42 34 25 46 33 34 33 34 37 46 42 46 40
28 33 27 26 31 38 35 33 26 29 40 41 41 30 30 30 27 28 37 40 34 30 24 29 36 36 41 25 41 30 23 33 40 40 23 22 28 32 39 37 31 38 39 34 41 30 25 24 30 36 39 39 35 23 37 32 27 30 23 41 35 23 28 28 35 41 27 26 29 39 33 41 36 32 25 23 31 29 26 28 26 27 27 30 23 41 35 24 33 39 41 29 32 34 34 23 40 40 31 38 37
29 18 21 18 20 15 12 12 18 16 19 16 17 12 21 17 16 14 17 20 16 14 17 19 17 12 15 11 19 12 15 18 16 18 14 17 17 19 14 19 17 17 13 15 13 12 14 20 19 17 15 19 20 17 12 19 13 17 20 16 16 12 20 12 15 15 13 17 12 19 16 14 15 20 14 19 12 12 20 15 16 12 13 15 16 18 15 17 15 12 14 12 18 13 17 14 13 18 18 17 15
30 18 18 22 19 17 21 23 23 14 23 21 19 14 24 17 19 17 13 23 24 23 20 24 14 17 22 19 21 22 14 23 23 17 19 13 15 24 18 16 19 20 15 19 15 20 17 20 24 24 15 14 23 15 19 22 23 18 16 14 23 23 22 18 20 20 14 16 24 16 19 16 16 24 14 22 15 16 20 19 20 15 20 21 19 13 15 22 24 17 16 13 15 24 20 14 17 20 21 19 15
31 35 32 23 31 29 28 30 27 30 35 36 35 32 35 33 27 27 38 24 36 25 32 30 26 35 28 27 30 29 28 21 31 25 25 32 26 21 25 29 34 27 36 31 36 34 29 25 25 36 24 22 31 37 28 25 23 30 32 38 35 21 27 33 28 21 30 36 35 30 21 35 28 28 24 36 24 28 34 28 25 22 31 36 38 29 28 23 23 31 36 22 37 30 26 22 31 35 29 36 22
32 15 14 10 14 10 11 10 17 16 16 16 14 15 10 10 10 14 13 10 12 16 16 9 10 12 17 11 17 12 15 16 13 15 11 16 11 15 15 12 12 13 10 12 16 11 11 10 9 12 10 13 13 11 11 11 17 9 16 13 11 14 10 12 16 12 15 17 16 11 12 16 12 15 11 12 15 11 13 13 10 13 9 15 13 16 12 9 10 13 16 10 16 16 16 10 13 16 13 15 15
33 26 27 24 30 31 36 35 25 23 32 31 25 21 30 36 30 33 32 35 32 35 33 24 34 20 26 34 35 31 26 24 23 30 34 26 32 33 20 25 23 29 23 25 26 24 25 21 28 30 28 31 31 21 30 24 21 31 30 26 36 20 36 32 22 24 21 25 22 20 22 27 27 22 30 28 32 33 26 24 36 31 29 28 20 36 24 22 23 27 30 21 29 27 22 30 25 24 31 31 30
34 42 46 48 35 40 37 46 36 39 47 32 27 36 28 28 47 30 45 27 48 38 46 29 42 31 38 30 34 37 45 37 30 29 46 37 26 28 37 38 40 44 46 41 39 44 39 37 33 45 27 43 43 45 36 38 37 33 47 41 48 28 42 36 30 33 39 30 38 35 42 35 44 36 27 35 46 48 26 26 44 47 31 42 48 47 36 32 40 46 37 37 30 27 41 27 46 37 43 43 29
35 46 44 43 34 35 46 45 30 28 45 37 49 41 46 38 35 45 47 27 48 41 32 31 48 49 32 44 49 40 43 28 40 46 44 43 29 43 42 30 33 39 49 32 44 41 40 46 49 33 40 30 27 44 35 36 30 48 27 38 35 38 34 31 34 31 46 47 40 35 31 42 43 29 44 29 49 37 47 41 46 31 34 38 43 37 47 34 45 28 37 28 48 39 43 30 44 42 30 48 36
36 11 13 9 9 14 8 10 14 10 11 11 14 8 11 10 11 10 11 13 14 14 9 13 13 13 10 14 8 9 12 8 12 9 12 9 11 14 9 13 11 10 8 10 10 12 13 14 11 8 8 10 9 13 13 12 9 10 8 14 14 14 13 12 12 9 9 11 12 9 10 12 13 8 9 12 13 8 8 8 9 10 11 13 14 12 8 12 10 13 12 9 14 8 8 12 9 9 12 11 13
37 34 24 36 27 33 29 22 28 32 33 26 20 29 22 30 23 27 20 31 29 23 24 20 22 29 22 24 28 30 35 20 33 36 20 31 30 23 25 22 28 28 31 22 30 27 35 32 27 27 23 34 20 34 30 21 36 30 27 34 21 34 32 27 21 35 24 24 33 22 30 24 36 26 22 28 36 21 34 34 32 21 25 24 35 33 32 36 29 32 25 33 23 33 35 30 23 34 28 24 27
38 31 31 43 26 24 42 35 43 37 25 26 34 25 33 32 40 25 31 43 35 33 39 28 26 33 43 37 31 44 29 33 40 25 31 33 43 43 27 35 28 40 39 24 40 36 37 36 41 24 27 42 24 39 34 30 28 42 36 25 28 35 41 35 34 40 40 31 29 30 29 30 34 32 30 39 43 27 38 33 34 39 26 30 30 26 42 38 25 38 38 36 28 30 29 29 31 28 27 32 37
39 22 25 20 25 20 22 20 25 18 20 30 26 24 29 30 19 24 24 31 18 31 25 29 31 24 31 27 27 31 25 31 19 25 19 23 29 32 24 27 19 26 23 28 19 20 23 20 31 26 24 26 20 22 27 27 28 28 20 18 24 24 18 19 28 26 19 29 29 24 32 31 22 28 24 18 28 24 29 31 22 24 27 25 27 24 23 28 26 29 23 29 31 19 31 23 25 22 18 20 28
40 33 36 32 27 21 39 31 31 22 25 27 30 25 27 36 24 22 37 26 36 31 34 33 29 25 21 22 38 32 37 35 27 27 22 24 28 37 24 31 39 37 23 21 32 35 36 32 23 29 36 33 23 37 31 39 31 32 37 21 31 23 30 30 27 30 35 34 33 31 37 36 27 26 29 23 25 37 34 34 23 39 33 27 22 26 21 30 28 33 30 24 21 27 38 35 27 35 24 30 28;
param maxIb: 1 :=
1 3.250000e+01
2 4.550000e+01
3 5.330000e+01
4 26
5 2.210000e+01
6 3.380000e+01
7 4.550000e+01
8 3.380000e+01
9 2.730000e+01
10 2.990000e+01
11 1.950000e+01
12 2.340000e+01
13 4.420000e+01
14 4.940000e+01
15 1.950000e+01
16 4.680000e+01
17 4.160000e+01
18 2.080000e+01
19 5.330000e+01
20 5.590000e+01
21 2.340000e+01
22 2.730000e+01
23 39
24 3.120000e+01
25 13
26 5.980000e+01
27 4.680000e+01
28 4.160000e+01
29 2.080000e+01
30 2.470000e+01
31 3.770000e+01
32 1.690000e+01
33 3.640000e+01
34 4.810000e+01
35 4.940000e+01
36 1.430000e+01
37 3.640000e+01
38 4.420000e+01
39 3.250000e+01
40 39;
param tempoe=0.000558;
