param nvertices=10; #numero de vertices
param ndemandas=40; #numero de demandas
param capacidadeij: 1 2 3 4 5 6 7 8 9 10 :=
 1 100 100 100 100 100 100 100 100 100 100
2 100 100 100 100 100 100 100 100 100 100
3 100 100 100 100 100 100 100 100 100 100
4 100 100 100 100 100 100 100 100 100 100
5 100 100 100 100 100 100 100 100 100 100
6 100 100 100 100 100 100 100 100 100 100
7 100 100 100 100 100 100 100 100 100 100
8 100 100 100 100 100 100 100 100 100 100
9 100 100 100 100 100 100 100 100 100 100
10 100 100 100 100 100 100 100 100 100 100; #Capacidade de banda de comunicacao de cada arco
param Adj: 1 2 3 4 5 6 7 8 9 10 := 
1 0 0 1 0 0 1 1 1 0 1
2 0 0 0 1 1 0 1 0 1 1
3 1 0 0 1 0 1 1 0 0 1
4 0 1 1 0 0 0 1 0 0 0
5 0 1 0 0 0 0 0 0 1 1
6 1 0 1 0 0 0 0 1 0 1
7 1 1 1 1 0 0 0 0 0 0
8 1 0 0 0 0 1 0 0 0 1
9 0 1 0 0 1 0 0 0 0 0
10 1 1 1 0 1 1 0 1 0 0;  #Matriz de adjacencia da topologia
param I: 1 2 3 :=
1 7.000000 9.000000 14.000000
2 4.000000 9.000000 17.000000
3 2.000000 9.000000 12.000000
4 2.000000 8.000000 15.000000
5 6.000000 9.000000 12.000000
6 4.000000 8.000000 16.000000
7 1.000000 4.000000 14.000000
8 1.000000 7.000000 19.000000
9 7.000000 8.000000 15.000000
10 5.000000 4.000000 16.000000
11 8.000000 6.000000 15.000000
12 8.000000 6.000000 17.000000
13 2.000000 5.000000 18.000000
14 8.000000 5.000000 10.000000
15 2.000000 9.000000 10.000000
16 7.000000 1.000000 10.000000
17 9.000000 6.000000 18.000000
18 1.000000 9.000000 14.000000
19 10.000000 5.000000 10.000000
20 8.000000 7.000000 11.000000
21 1.000000 8.000000 13.000000
22 5.000000 10.000000 19.000000
23 4.000000 10.000000 16.000000
24 2.000000 10.000000 13.000000
25 5.000000 9.000000 14.000000
26 2.000000 1.000000 14.000000
27 10.000000 3.000000 13.000000
28 10.000000 3.000000 17.000000
29 4.000000 7.000000 17.000000
30 6.000000 8.000000 17.000000
31 8.000000 5.000000 15.000000
32 2.000000 10.000000 10.000000
33 3.000000 7.000000 11.000000
34 1.000000 3.000000 12.000000
35 4.000000 9.000000 12.000000
36 10.000000 6.000000 14.000000
37 8.000000 7.000000 10.000000
38 10.000000 2.000000 15.000000
39 7.000000 3.000000 14.000000
40 1.000000 9.000000 11.000000;
param Ib: 1 2 3 4 5 6 7 8 9 10 11 12 13 14 15 16 17 18 19 20 21 22 23 24 25 26 27 28 29 30 31 32 33 34 35 36 37 38 39 40 41 42 43 44 45 46 47 48 49 50 51 52 53 54 55 56 57 58 59 60 61 62 63 64 65 66 67 68 69 70 71 72 73 74 75 76 77 78 79 80 81 82 83 84 85 86 87 88 89 90 91 92 93 94 95 96 97 98 99 100 :=
1 8 10 13 8 13 14 13 11 13 10 10 12 14 11 11 11 12 9 8 13 10 10 9 13 13 8 9 9 8 13 10 8 8 12 14 11 14 13 11 12 11 8 8 12 9 11 11 9 13 9 12 14 10 13 9 10 14 11 12 11 11 8 13 8 14 10 13 14 9 9 14 8 13 14 12 12 12 9 9 9 10 11 8 9 9 14 11 13 11 12 14 12 10 10 10 8 14 9 12 10
2 17 19 24 26 16 17 22 24 17 24 16 20 25 22 19 17 14 17 25 18 21 18 24 25 21 20 16 19 16 25 16 24 19 21 16 20 19 24 20 21 18 16 16 17 23 24 24 20 19 14 25 25 25 14 15 16 22 20 20 22 22 16 24 15 19 18 16 19 21 26 26 24 22 21 25 24 17 22 16 14 15 19 17 18 26 21 14 22 18 16 23 25 26 21 23 16 17 23 18 25
3 19 30 28 22 28 27 27 21 31 26 18 17 25 22 19 31 29 19 30 18 29 18 23 26 18 19 24 26 20 21 30 27 30 19 17 22 26 25 30 22 25 21 25 29 23 22 25 31 25 28 31 27 26 28 31 20 27 29 19 29 30 21 24 18 21 27 27 27 30 28 26 23 20 23 19 29 20 30 28 28 28 25 30 31 17 17 29 21 19 25 18 20 17 20 29 29 27 27 24 18
4 29 40 29 41 30 37 38 33 27 37 31 25 42 27 30 38 38 38 42 28 24 25 34 24 27 32 26 23 28 33 33 29 34 30 38 26 41 35 29 28 33 40 26 32 27 37 35 34 32 36 40 30 36 38 24 24 43 31 32 37 36 32 36 34 37 40 34 34 33 36 41 25 42 32 27 43 28 36 30 37 40 42 31 29 29 27 36 29 29 28 34 37 34 40 27 38 43 34 33 36
5 36 22 33 27 28 22 24 23 23 31 32 28 32 29 31 29 25 21 27 32 31 33 31 36 33 32 20 33 34 30 31 21 35 23 31 30 32 26 21 35 25 28 33 20 27 27 20 34 23 35 20 31 21 28 26 25 23 21 31 21 26 26 20 33 34 28 33 24 27 34 21 28 20 27 28 33 24 27 20 32 33 26 29 35 28 21 26 35 22 35 22 27 26 23 33 21 26 34 23 29
6 32 30 26 22 34 34 36 35 32 23 37 22 32 36 28 24 22 34 30 27 28 30 29 27 21 30 30 38 29 21 28 28 31 31 36 34 27 22 29 22 38 26 34 29 36 28 36 32 28 30 31 29 22 22 28 23 36 35 25 26 29 37 31 39 23 27 39 37 28 27 29 30 31 27 27 32 32 32 34 21 33 34 28 28 24 27 33 37 37 36 34 34 26 34 37 34 21 32 37 21
7 40 55 47 48 50 56 40 38 45 45 46 50 56 56 56 57 45 40 34 53 60 34 50 60 35 41 35 60 41 40 47 36 44 40 47 39 42 42 57 34 55 53 49 45 39 55 44 41 38 45 60 50 56 53 33 41 44 55 48 61 47 42 43 36 59 46 56 51 59 38 56 57 37 54 39 54 38 45 57 59 49 33 40 40 53 56 53 51 39 53 52 38 59 37 56 35 57 42 60 59
8 30 30 24 32 22 24 19 30 26 32 29 19 21 28 31 24 24 21 29 21 29 27 31 31 20 22 30 24 21 31 26 19 20 25 31 24 34 27 23 27 33 21 20 31 24 20 20 32 29 27 30 23 25 23 33 30 26 25 29 24 33 28 20 33 26 23 26 31 20 19 24 33 33 30 21 31 31 25 27 25 22 25 26 26 34 23 32 23 26 32 24 21 21 32 23 23 30 31 33 31
9 27 24 26 25 22 24 29 30 25 24 31 19 26 33 31 27 34 30 28 32 28 29 34 26 27 33 30 28 20 26 23 20 27 34 34 28 34 23 29 34 25 19 34 35 28 34 33 19 24 20 34 29 21 25 20 33 19 26 32 23 22 31 25 28 29 21 30 20 34 31 27 23 32 26 34 28 29 22 23 27 33 25 27 21 24 20 27 31 25 32 28 25 35 26 23 31 28 29 28 20
10 18 19 28 29 30 23 28 18 22 25 25 21 23 25 22 24 29 27 26 20 28 22 21 28 23 29 20 30 26 21 21 29 28 22 30 21 21 26 18 18 18 21 26 28 18 31 26 26 31 27 29 26 18 19 21 28 19 32 23 20 21 32 22 21 24 26 18 27 32 30 31 28 23 21 28 18 23 28 22 30 29 30 21 31 29 25 27 32 18 23 30 26 21 28 29 30 31 19 19 32
11 38 43 43 33 27 27 28 34 33 25 27 45 38 30 32 39 42 35 26 47 38 33 37 30 44 27 43 37 42 28 32 28 34 37 45 45 43 43 33 30 43 45 32 39 32 30 37 43 32 31 34 37 42 37 29 28 42 43 35 33 26 29 31 28 35 27 33 46 29 27 33 34 43 42 44 44 42 41 31 38 40 30 42 45 40 33 43 25 40 34 40 29 45 35 38 26 39 30 35 46
12 38 31 31 40 44 25 38 35 30 43 37 26 33 36 39 25 37 43 26 30 39 38 32 35 26 43 38 38 33 38 39 43 31 44 43 37 41 32 34 36 40 37 44 28 32 32 27 33 33 37 42 36 31 33 25 35 45 42 40 37 32 28 39 28 38 31 38 45 42 44 28 33 43 45 35 32 31 33 43 33 37 32 38 29 37 32 35 33 37 45 45 33 27 27 25 44 40 35 42 38
13 40 50 41 42 53 38 42 47 59 62 35 59 61 43 58 48 56 52 41 36 50 43 38 35 52 49 44 42 43 58 61 43 63 48 47 39 62 48 53 63 45 38 54 44 43 36 45 54 60 61 35 43 55 51 38 46 47 48 58 51 44 42 49 49 57 35 43 60 41 39 36 47 43 48 35 59 57 62 50 48 36 35 54 61 39 61 61 38 48 53 35 58 49 43 63 36 53 60 42 44
14 13 13 15 17 9 17 16 17 11 12 10 10 11 17 14 14 14 9 10 17 13 16 9 17 12 15 17 16 12 12 16 17 11 12 10 15 16 14 12 16 13 9 15 12 14 13 11 14 16 13 17 10 16 13 13 15 16 15 13 15 14 11 13 14 14 13 13 15 11 13 11 12 16 14 15 13 10 11 10 13 13 10 14 11 14 14 12 12 14 11 11 11 16 14 15 9 13 10 11 17
15 29 27 32 18 22 19 33 26 32 29 25 20 34 20 32 18 29 30 24 30 30 26 28 19 21 26 19 29 31 22 27 31 18 18 29 30 24 32 24 25 33 23 28 21 20 31 20 18 27 26 25 33 29 31 20 30 23 33 24 25 28 27 23 28 29 21 30 23 25 30 21 29 19 22 19 31 33 28 29 25 27 30 29 22 19 21 33 21 29 21 19 20 20 28 26 25 22 28 22 32
16 17 22 17 24 14 20 26 18 25 25 20 14 17 23 19 15 20 23 24 15 15 19 19 16 20 14 24 22 23 21 20 23 26 15 16 24 18 15 24 17 21 25 23 20 16 22 21 18 14 19 17 23 24 20 17 19 17 22 16 18 16 16 20 25 20 19 20 22 17 26 25 14 17 22 14 16 21 20 23 22 22 23 23 19 15 18 16 24 15 18 23 24 22 20 21 24 15 14 16 16
17 59 52 42 60 61 57 46 57 37 56 55 43 60 48 54 52 59 38 50 36 46 47 58 37 35 52 60 40 49 58 49 50 43 57 51 55 35 50 36 34 53 33 47 53 47 54 52 40 36 49 52 55 44 54 42 50 41 40 58 33 52 41 49 45 41 55 49 59 50 47 58 51 37 58 48 35 47 45 43 41 60 55 39 54 57 49 38 53 49 45 60 41 50 37 56 48 46 36 46 41
18 12 17 15 10 18 13 15 12 11 16 16 13 12 11 16 16 13 15 13 11 14 12 18 15 15 14 17 17 15 15 16 11 10 18 15 10 16 18 12 17 11 10 10 18 18 12 15 15 17 10 17 12 17 15 11 16 10 17 11 16 15 11 16 14 16 11 10 11 11 11 12 14 16 12 10 14 13 16 16 13 10 14 10 14 16 15 14 13 15 15 15 10 17 13 12 12 11 18 18 16
19 41 41 40 35 37 25 33 36 24 32 31 27 30 32 28 24 29 40 38 27 33 29 40 28 39 33 35 37 38 28 30 24 28 33 25 28 41 24 37 23 37 26 26 39 36 36 37 35 27 38 37 28 40 25 25 27 37 37 29 27 35 40 32 24 34 29 38 26 32 23 37 35 39 27 24 23 40 26 36 25 32 27 40 29 30 24 31 32 24 31 35 35 31 26 29 33 41 25 22 33
20 34 31 27 21 22 35 31 25 31 27 33 34 22 25 32 33 19 34 30 34 30 31 20 21 34 25 31 33 20 20 21 22 31 19 28 23 25 19 31 23 19 32 24 27 34 21 22 20 32 22 22 26 28 24 21 29 26 32 34 22 24 25 19 21 24 21 30 31 23 30 20 34 26 31 31 29 31 25 32 21 30 34 31 28 27 28 21 31 27 25 20 33 19 22 35 26 34 27 32 33
21 43 52 44 53 36 33 45 30 42 47 36 31 43 44 33 50 51 52 54 44 42 39 52 42 37 31 48 38 50 44 45 37 47 37 32 33 50 53 36 50 54 31 53 39 54 37 37 47 45 53 39 37 48 32 30 45 43 46 37 51 36 39 54 32 40 52 45 41 51 43 49 30 32 30 32 32 32 45 31 35 54 40 34 33 48 37 30 44 35 50 51 48 47 40 35 34 49 43 30 50
22 52 49 33 52 43 38 37 36 30 32 52 37 35 40 39 40 35 32 29 39 42 48 33 38 39 51 53 48 46 31 48 40 49 44 33 50 49 33 33 42 49 47 50 30 53 38 48 41 45 38 41 52 40 32 39 51 31 47 33 48 47 36 34 52 40 53 52 42 36 40 31 40 53 48 48 37 38 32 50 47 44 29 38 35 39 40 33 44 29 51 31 35 43 37 43 38 40 29 46 47
23 10 14 11 8 10 12 14 13 13 10 9 9 9 12 12 9 10 12 11 9 8 9 14 10 14 12 12 10 11 9 10 10 9 11 11 12 8 9 8 11 10 9 8 9 8 9 8 9 11 11 12 10 13 12 12 13 9 11 9 14 11 11 10 10 13 10 8 13 9 12 13 10 9 14 13 12 12 9 9 10 11 12 11 8 13 13 14 9 9 8 10 10 10 10 9 13 14 8 10 14
24 37 36 33 35 40 40 33 35 35 26 39 30 23 38 32 39 29 28 27 37 36 38 27 34 32 26 31 24 36 31 35 33 37 22 22 32 40 39 23 36 32 24 33 32 32 40 33 38 32 35 32 32 22 31 34 33 33 36 37 28 26 30 26 35 35 29 35 22 32 40 35 35 35 31 34 36 24 29 26 27 26 33 29 38 22 26 23 28 31 36 34 39 23 31 31 39 26 38 30 22
25 21 20 20 20 23 22 19 13 23 16 20 16 18 20 17 16 23 15 15 19 16 22 17 18 15 17 13 22 18 21 22 15 20 14 14 18 22 13 18 22 16 17 20 18 23 13 22 23 14 14 15 18 17 20 22 13 17 18 19 13 22 22 16 17 23 21 14 13 13 13 22 17 20 23 18 13 21 17 21 16 19 13 22 22 22 19 17 20 23 19 17 16 22 14 21 22 23 15 17 19
26 27 25 37 30 25 23 38 21 25 35 29 34 39 26 35 28 29 25 27 36 39 38 36 39 30 30 32 36 22 25 27 23 36 38 37 24 23 38 38 31 23 31 32 32 31 37 31 24 36 24 29 23 31 32 35 33 35 32 33 33 23 38 31 35 37 34 27 22 33 29 36 38 37 33 25 38 21 27 27 36 34 26 27 30 23 30 36 28 27 38 28 33 28 36 35 24 29 33 23 37
27 18 18 18 25 26 25 21 20 23 19 29 17 17 17 23 20 24 17 21 26 22 29 24 19 20 15 24 24 22 16 24 17 18 25 27 23 20 27 26 28 22 19 21 26 16 21 24 22 17 24 15 23 26 16 23 22 24 27 17 16 27 27 24 27 19 27 23 27 24 16 16 22 27 20 22 22 21 22 25 23 23 26 17 28 18 18 24 16 17 27 17 16 16 25 28 23 22 26 28 22
28 24 38 23 31 32 34 39 29 28 35 30 35 26 38 36 36 24 33 25 34 21 29 34 26 39 28 36 31 30 30 28 25 35 27 25 34 33 34 27 26 25 24 23 35 23 23 29 32 31 22 32 33 33 26 35 31 23 28 34 23 28 23 24 22 22 31 28 25 31 34 32 27 38 24 33 26 32 38 26 35 32 21 22 22 22 34 32 26 31 33 27 39 24 21 29 31 31 31 26 37
29 38 39 48 44 49 35 33 38 50 45 51 38 46 35 32 39 34 47 38 32 35 32 49 43 32 50 38 39 49 46 38 47 43 35 43 35 49 36 38 40 43 51 37 43 49 42 32 36 41 31 44 38 34 40 42 45 39 29 35 41 47 34 37 34 49 46 39 42 38 31 43 32 34 48 42 45 34 32 40 44 29 32 41 46 48 48 51 32 48 37 46 36 35 31 36 44 52 30 32 39
30 33 28 42 37 26 37 27 29 26 33 31 34 28 45 41 26 41 33 45 39 30 37 34 33 42 43 34 29 28 41 28 37 44 26 42 45 32 43 25 27 34 26 29 30 28 27 33 27 39 35 28 25 26 35 41 45 45 38 42 28 25 32 31 30 38 30 36 36 29 32 42 34 44 32 37 43 27 36 30 44 32 26 29 45 37 34 41 29 43 30 38 29 38 31 36 30 29 44 42 35
31 45 36 38 51 59 52 44 54 36 44 37 57 51 42 51 56 56 49 59 56 38 52 36 44 47 51 52 46 58 39 34 37 43 35 33 43 48 56 48 36 44 58 46 32 55 37 37 34 36 54 35 46 50 56 50 52 53 51 52 44 54 38 45 53 50 59 57 55 53 40 54 54 57 34 60 43 39 45 56 46 52 44 45 56 36 33 33 44 51 49 49 44 41 51 46 59 36 48 52 39
32 14 11 12 17 17 11 15 10 16 12 15 18 15 17 14 18 13 17 14 13 15 14 12 10 15 16 13 14 14 18 11 12 16 16 13 12 13 12 12 12 12 12 16 14 10 11 16 11 11 12 11 13 16 16 18 16 18 17 15 15 12 12 11 12 13 10 13 10 10 11 15 17 15 11 15 10 14 11 14 18 18 10 10 13 18 17 11 11 18 10 12 14 14 13 10 13 18 11 15 16
33 25 33 25 26 22 27 23 25 24 22 29 36 22 31 20 27 37 34 25 31 25 35 30 25 29 34 26 28 36 27 26 24 37 22 34 29 24 34 28 26 28 32 26 38 26 26 38 31 31 30 27 23 30 25 31 25 24 21 31 34 31 25 33 27 22 37 37 32 27 37 32 30 29 27 28 29 27 28 22 23 26 34 23 21 37 22 23 25 37 20 32 24 37 36 35 23 33 26 21 31
34 59 39 48 36 40 46 57 47 51 63 38 36 58 53 45 50 55 61 61 58 55 58 56 61 63 46 62 47 37 45 43 52 51 52 58 50 60 38 60 48 36 51 57 61 49 40 35 42 57 38 52 43 57 39 55 63 43 41 57 38 47 53 42 40 54 53 56 40 54 41 48 53 41 55 51 52 62 40 46 55 45 35 48 55 36 48 56 60 47 63 35 56 52 60 54 62 37 39 43 57
35 34 32 32 31 37 48 40 45 42 55 46 36 52 44 50 49 42 50 41 38 34 54 52 45 49 35 48 44 37 35 37 45 54 55 37 35 52 32 42 37 31 39 40 37 47 51 47 32 50 32 43 45 47 54 32 47 46 36 39 44 48 43 53 31 30 39 55 32 36 46 56 46 44 51 47 45 36 33 37 53 35 55 32 31 52 38 41 49 40 49 40 30 48 38 52 34 30 49 37 55
36 21 12 19 19 20 14 17 20 20 12 16 17 20 13 12 19 18 13 17 15 18 20 12 17 16 17 14 16 15 20 15 20 13 11 17 11 13 17 21 12 19 19 18 13 15 13 19 15 16 16 14 18 18 12 13 18 19 14 19 13 18 20 15 19 16 18 20 13 16 17 14 16 14 13 14 12 18 13 18 19 20 12 17 15 13 13 19 13 12 16 11 14 21 12 14 13 17 12 11 12
37 29 30 45 41 30 43 45 28 44 44 35 37 33 28 36 35 30 45 43 30 40 25 37 43 30 34 26 31 28 26 40 33 43 30 47 42 38 33 43 29 44 46 31 45 25 36 40 27 33 33 34 28 38 29 42 43 38 45 39 36 27 26 45 41 44 40 28 38 43 34 41 42 28 31 42 34 40 28 45 30 30 28 38 42 33 30 41 25 30 34 47 33 36 28 41 26 40 28 46 27
38 8 9 7 11 12 7 12 12 11 12 9 11 10 9 11 9 7 10 10 9 9 13 13 8 13 7 9 8 9 7 12 8 11 9 12 8 7 9 9 8 10 10 8 9 9 11 9 9 10 10 12 7 8 11 7 11 8 10 10 11 12 8 7 12 12 10 11 10 11 7 12 10 11 13 10 12 10 10 10 8 10 11 12 10 13 9 11 9 10 12 9 8 10 9 13 7 9 12 9 9
39 34 25 44 27 34 39 42 35 37 29 35 31 43 39 34 44 36 34 40 26 39 29 35 33 45 41 44 41 25 32 33 34 28 30 26 35 34 41 38 42 25 38 32 43 32 35 37 43 41 36 29 31 32 36 36 42 25 40 42 45 26 26 33 42 41 26 32 37 37 34 32 38 41 25 30 31 34 35 36 45 30 35 35 32 44 44 31 28 28 33 35 37 41 28 38 29 34 45 38 45
40 50 54 41 54 39 57 44 47 37 39 50 55 51 49 43 58 34 39 44 40 56 40 47 47 56 51 33 43 39 36 57 59 60 51 33 49 53 48 38 43 55 39 52 56 59 45 40 52 43 37 33 35 34 45 48 57 49 56 42 53 48 55 32 40 48 54 59 59 34 56 53 33 52 36 56 33 35 43 54 59 38 40 36 41 45 58 45 38 47 47 54 44 47 55 39 47 32 59 53 51;
param maxIb: 1 :=
1 14
2 26
3 31
4 43
5 36
6 39
7 61
8 34
9 35
10 33
11 47
12 46
13 64
14 17
15 34
16 26
17 61
18 18
19 42
20 35
21 55
22 53
23 14
24 40
25 23
26 39
27 29
28 39
29 52
30 46
31 60
32 18
33 38
34 64
35 56
36 21
37 47
38 13
39 46
40 60;
param tempoe=0.000620;
