param nvertices=10; #numero de vertices
param ndemandas=40; #numero de demandas
param capacidadeij: 1 2 3 4 5 6 7 8 9 10 :=
 1 100 100 100 100 100 100 100 100 100 100
2 100 100 100 100 100 100 100 100 100 100
3 100 100 100 100 100 100 100 100 100 100
4 100 100 100 100 100 100 100 100 100 100
5 100 100 100 100 100 100 100 100 100 100
6 100 100 100 100 100 100 100 100 100 100
7 100 100 100 100 100 100 100 100 100 100
8 100 100 100 100 100 100 100 100 100 100
9 100 100 100 100 100 100 100 100 100 100
10 100 100 100 100 100 100 100 100 100 100; #Capacidade de banda de comunicacao de cada arco
param Adj: 1 2 3 4 5 6 7 8 9 10 := 
1 0 0 0 0 0 1 0 0 1 1
2 0 0 1 0 1 0 0 0 0 1
3 0 1 0 1 1 0 0 1 0 0
4 0 0 1 0 0 0 1 1 0 0
5 0 1 1 0 0 0 0 0 0 1
6 1 0 0 0 0 0 0 0 0 1
7 0 0 0 1 0 0 0 1 1 0
8 0 0 1 1 0 0 1 0 0 0
9 1 0 0 0 0 0 1 0 0 1
10 1 1 0 0 1 1 0 0 1 0;  #Matriz de adjacencia da topologia
param I: 1 2 3 :=
1 6.000000 9.000000 14.000000
2 7.000000 3.000000 19.000000
3 5.000000 8.000000 12.000000
4 8.000000 9.000000 14.000000
5 7.000000 10.000000 17.000000
6 7.000000 4.000000 11.000000
7 2.000000 5.000000 13.000000
8 8.000000 10.000000 14.000000
9 7.000000 5.000000 15.000000
10 2.000000 5.000000 19.000000
11 5.000000 2.000000 19.000000
12 7.000000 8.000000 12.000000
13 6.000000 2.000000 17.000000
14 7.000000 2.000000 15.000000
15 6.000000 2.000000 11.000000
16 9.000000 10.000000 10.000000
17 10.000000 7.000000 11.000000
18 4.000000 8.000000 17.000000
19 5.000000 9.000000 10.000000
20 5.000000 10.000000 10.000000
21 2.000000 9.000000 18.000000
22 5.000000 2.000000 12.000000
23 9.000000 6.000000 11.000000
24 7.000000 1.000000 12.000000
25 7.000000 4.000000 16.000000
26 10.000000 2.000000 19.000000
27 9.000000 4.000000 18.000000
28 1.000000 6.000000 11.000000
29 3.000000 7.000000 14.000000
30 9.000000 5.000000 15.000000
31 4.000000 6.000000 11.000000
32 2.000000 7.000000 17.000000
33 9.000000 5.000000 14.000000
34 10.000000 6.000000 17.000000
35 5.000000 4.000000 12.000000
36 9.000000 10.000000 19.000000
37 9.000000 10.000000 19.000000
38 8.000000 4.000000 13.000000
39 6.000000 9.000000 18.000000
40 4.000000 7.000000 13.000000;
param Ib: 1 2 3 4 5 6 7 8 9 10 11 12 13 14 15 16 17 18 19 20 21 22 23 24 25 26 27 28 29 30 31 32 33 34 35 36 37 38 39 40 41 42 43 44 45 46 47 48 49 50 51 52 53 54 55 56 57 58 59 60 61 62 63 64 65 66 67 68 69 70 71 72 73 74 75 76 77 78 79 80 81 82 83 84 85 86 87 88 89 90 91 92 93 94 95 96 97 98 99 100 :=
1 42 44 44 28 36 31 41 32 26 39 26 34 39 42 27 41 26 42 40 34 42 41 44 34 29 44 39 38 25 32 29 31 33 32 27 26 27 30 37 36 38 38 43 39 41 26 44 26 37 44 45 34 33 41 41 34 41 32 35 32 45 39 28 35 42 41 44 42 44 28 43 43 28 28 26 42 30 31 33 44 39 42 31 45 39 44 33 33 37 40 33 44 41 30 25 44 39 37 29 38
2 29 31 40 38 32 34 28 26 43 31 25 34 26 44 31 36 25 42 29 42 26 32 32 31 39 33 39 43 24 32 33 31 27 31 41 33 38 30 29 31 28 34 29 34 35 30 36 42 40 39 33 44 26 43 24 31 28 44 26 30 43 35 36 27 32 43 38 37 24 36 32 33 31 44 24 27 28 33 44 27 31 24 37 35 33 31 36 26 30 43 26 43 35 37 34 25 25 42 29 31
3 10 10 11 16 17 13 14 15 13 9 13 15 11 17 12 16 14 11 13 15 16 12 10 13 12 10 12 16 11 17 13 15 10 16 15 16 10 14 12 13 11 16 15 16 11 15 13 10 11 12 16 17 17 14 13 14 11 11 13 13 15 14 14 14 15 13 14 14 14 11 11 10 14 15 16 11 9 12 12 16 12 15 11 11 12 15 10 16 13 13 10 12 10 12 15 11 16 11 13 10
4 33 35 21 32 24 21 22 38 22 27 25 24 36 24 21 27 22 34 35 23 39 36 37 29 35 26 37 24 31 32 36 25 36 25 38 34 36 37 23 23 39 26 29 33 24 30 36 21 21 32 23 33 27 23 33 34 22 31 28 26 25 29 25 27 24 38 26 25 37 31 28 35 31 36 31 25 32 21 37 35 31 37 25 25 29 22 37 24 23 25 37 37 33 24 26 38 25 35 36 39
5 24 21 19 20 17 16 21 18 18 15 14 20 21 24 19 24 22 21 14 24 20 24 23 20 16 17 16 21 24 24 13 17 20 24 23 16 22 22 21 21 16 20 22 24 14 15 16 14 20 16 17 14 24 23 24 14 22 24 14 23 25 21 17 18 22 17 19 21 19 19 21 17 23 17 21 22 20 13 19 23 23 23 23 21 21 23 20 21 20 17 24 14 19 21 23 21 18 13 16 16
6 24 34 25 21 35 24 22 24 37 25 23 29 26 25 24 37 30 22 23 28 20 26 34 21 23 33 33 28 34 22 34 27 32 23 37 29 27 28 28 35 21 22 32 32 28 25 34 30 37 21 24 29 34 20 26 26 26 23 25 23 36 31 25 24 23 31 31 29 20 36 33 23 24 29 33 25 36 24 32 22 25 35 35 20 28 31 30 32 22 29 24 24 24 28 27 29 36 32 22 30
7 31 20 27 26 19 26 32 29 30 32 25 33 31 23 32 21 31 26 23 24 30 31 19 32 32 26 27 32 25 33 20 32 28 32 29 24 25 28 23 24 30 32 24 20 25 29 20 24 30 29 19 29 30 22 23 22 24 21 24 28 28 32 32 27 19 30 20 23 29 20 19 32 34 19 21 21 31 28 30 33 20 32 18 19 26 19 32 30 24 27 27 25 31 24 24 27 27 28 30 27
8 31 23 20 25 28 27 30 34 30 22 21 30 25 32 26 31 34 32 35 28 37 29 23 30 36 24 21 31 30 35 27 31 36 26 21 29 24 23 27 36 21 31 30 22 29 24 30 36 23 33 26 22 23 22 37 32 23 32 23 24 36 23 30 23 23 35 25 25 31 24 28 29 28 23 23 30 22 21 30 36 26 36 36 28 24 27 29 29 24 29 29 29 31 30 27 25 33 24 24 33
9 23 25 27 32 34 30 37 38 32 28 36 38 29 40 33 29 40 26 24 37 22 27 33 25 25 31 31 32 36 28 26 37 34 22 30 27 40 29 35 36 22 39 25 32 24 32 40 32 34 24 27 38 38 25 33 37 22 22 36 34 23 35 39 39 22 26 30 31 26 37 31 27 22 39 33 35 32 23 23 40 33 24 40 27 25 29 27 23 40 35 34 25 24 28 35 24 23 36 37 24
10 17 16 9 11 12 14 13 16 16 16 13 10 11 12 10 11 10 16 10 16 12 17 12 15 15 14 12 14 16 15 16 11 10 17 12 11 11 10 17 10 10 15 17 14 12 14 16 14 10 11 15 10 13 16 11 16 12 13 12 12 15 14 14 13 15 13 12 11 16 12 11 15 13 16 13 13 9 10 15 14 13 13 10 13 14 10 14 11 15 15 16 11 17 13 12 13 14 14 11 14
11 23 21 27 25 26 26 20 27 30 26 17 28 24 23 20 18 28 23 19 25 19 30 20 26 30 21 25 20 25 21 27 29 30 25 19 28 17 28 28 19 27 22 20 24 29 20 18 19 28 17 20 18 18 28 24 25 22 26 25 27 21 22 18 29 17 21 17 16 27 29 20 18 28 25 22 24 27 22 18 27 27 20 19 16 18 28 19 17 23 26 21 27 27 18 28 18 26 28 26 22
12 30 40 27 33 28 32 37 44 32 39 39 30 33 26 38 28 33 42 39 39 39 43 32 41 44 24 41 31 30 36 29 43 27 41 42 34 42 31 36 25 31 38 24 32 36 40 24 41 27 34 27 30 42 26 32 38 32 37 33 33 40 32 27 27 30 28 42 35 40 38 38 32 39 43 38 35 40 28 38 28 31 35 30 33 38 26 37 31 34 40 39 43 43 32 25 31 27 29 27 27
13 9 10 14 10 14 11 12 9 9 14 14 14 13 11 13 11 10 9 13 14 14 8 9 14 10 12 10 10 11 11 12 12 13 8 8 9 12 12 13 8 8 10 13 13 11 10 13 9 14 12 14 11 11 11 12 8 8 13 8 13 11 9 12 13 14 10 10 13 9 14 13 10 13 13 8 9 10 14 9 11 10 12 13 14 14 9 14 14 13 9 14 14 12 11 11 9 12 10 10 9
14 16 13 16 12 15 13 21 13 18 15 19 15 12 12 13 20 17 13 17 22 15 17 22 12 15 14 14 19 14 17 13 19 21 14 13 20 22 18 21 18 17 13 17 19 18 12 12 21 22 15 18 22 21 15 15 14 14 13 18 13 19 17 16 20 19 21 12 16 15 17 16 13 21 19 15 17 17 14 14 17 14 16 14 18 16 12 18 19 15 13 18 12 22 20 12 14 14 14 18 15
15 27 39 32 32 42 38 42 33 35 38 33 26 32 36 41 46 37 38 31 27 30 28 36 46 29 39 31 32 43 39 33 33 44 37 29 41 41 43 43 33 40 43 29 32 26 31 36 32 37 37 34 34 32 26 37 39 45 45 34 38 28 34 46 41 34 42 40 34 31 29 46 38 31 43 44 33 27 40 38 43 29 29 30 36 38 44 27 33 46 38 33 47 41 29 27 29 36 43 43 44
16 26 30 38 35 38 38 40 38 33 30 37 41 35 45 35 29 35 37 39 26 30 26 45 42 34 38 27 43 33 33 25 31 45 34 28 27 42 27 32 42 35 32 36 32 25 35 41 44 33 26 43 45 32 26 38 45 33 26 38 37 44 26 42 31 27 35 45 30 44 36 34 41 27 43 34 35 31 32 45 35 38 43 26 43 26 44 43 42 37 42 36 44 28 37 37 38 31 26 26 27
17 34 32 30 29 24 35 25 37 34 30 34 31 35 38 33 22 28 25 26 32 23 22 22 33 26 28 27 31 25 34 32 36 25 27 35 32 30 26 27 31 26 32 33 26 22 37 38 34 29 28 29 26 22 34 31 24 35 28 23 34 33 38 38 26 31 25 29 25 32 22 29 24 33 36 27 22 28 26 31 22 30 29 23 24 27 33 28 38 29 35 29 29 21 29 32 34 39 22 23 31
18 22 29 32 34 36 32 24 35 22 24 32 25 34 30 25 36 32 27 22 27 20 32 23 36 20 21 21 25 33 22 28 22 27 33 36 23 25 22 31 31 30 29 24 30 29 21 36 24 28 33 33 27 25 27 26 27 27 32 31 22 25 30 24 28 22 33 36 35 31 28 29 29 30 27 26 20 34 34 36 33 32 21 32 25 32 28 23 33 32 21 23 33 26 24 35 34 33 24 35 27
19 36 21 37 21 30 21 22 31 23 34 24 38 21 30 25 26 25 32 34 29 29 29 35 28 26 36 25 30 28 34 25 23 27 31 30 36 35 25 24 37 31 35 31 33 36 29 36 35 27 20 27 24 30 33 25 26 35 33 26 35 25 28 33 26 24 27 23 24 37 25 34 26 30 29 35 25 33 34 27 27 36 38 29 30 21 37 27 36 23 27 25 29 24 25 34 33 33 30 27 22
20 38 31 33 44 32 41 36 49 35 50 42 46 45 29 31 34 29 39 33 44 44 44 49 27 44 33 39 38 30 36 50 43 45 36 45 50 43 35 46 29 50 34 46 44 28 33 46 48 35 42 33 38 39 38 36 44 44 44 35 49 46 31 39 39 47 48 33 40 47 46 39 40 48 35 48 37 51 42 47 45 45 29 45 43 28 50 49 41 36 28 46 32 49 38 39 34 49 47 30 31
21 13 11 12 10 16 15 9 12 16 15 11 11 13 11 10 9 16 15 16 13 10 13 16 12 13 12 17 13 13 13 12 13 10 16 14 13 13 12 10 15 17 13 14 11 12 10 15 12 10 16 12 13 11 10 16 12 11 11 13 12 14 11 16 9 12 11 16 15 16 12 14 15 16 11 11 10 13 17 10 17 16 15 12 15 16 11 16 11 15 12 11 14 15 12 12 13 10 17 15 13
22 18 22 25 27 26 21 21 25 21 24 27 18 20 22 18 15 16 26 19 17 27 19 20 21 21 25 27 20 28 18 24 18 25 22 18 16 23 19 28 20 28 17 28 15 15 19 16 22 29 17 18 28 16 27 20 23 19 22 16 20 22 16 21 17 17 21 17 27 24 20 28 19 19 28 18 18 28 28 26 22 27 16 23 26 27 28 25 20 28 25 21 20 21 24 21 20 26 19 28 19
23 29 40 39 51 41 49 36 30 48 39 36 32 41 51 40 43 48 31 48 37 46 49 31 30 29 46 47 35 48 30 43 39 34 45 38 40 47 45 32 36 44 29 39 33 29 45 46 39 36 39 34 29 48 41 35 30 36 41 31 29 47 45 42 42 44 43 45 52 33 43 32 38 47 48 47 40 51 38 39 44 42 35 38 52 46 36 45 34 47 45 38 35 47 36 34 30 49 50 46 32
24 30 46 42 34 38 28 40 34 40 27 44 33 32 39 41 44 28 36 34 28 26 25 29 38 26 29 45 28 28 43 33 39 32 41 46 39 34 39 41 37 36 45 30 32 33 46 26 36 34 31 42 43 37 41 28 37 41 30 40 38 45 29 37 45 27 44 35 37 37 28 40 35 38 35 42 41 40 47 28 38 32 45 41 38 30 27 30 31 46 43 25 46 36 38 26 41 32 31 45 38
25 15 17 21 17 17 13 20 22 18 19 18 14 15 16 15 15 18 16 16 19 16 14 22 15 16 17 14 22 18 20 14 15 16 13 19 13 17 16 13 16 18 21 12 16 13 13 16 13 20 19 13 16 22 16 22 12 17 16 12 14 13 16 21 16 12 20 22 13 17 21 22 21 13 19 13 17 12 21 14 19 17 20 17 19 18 20 14 14 16 21 14 16 21 15 18 12 15 14 20 22
26 28 38 30 29 28 33 31 27 26 29 24 33 37 28 25 34 26 22 38 38 29 25 23 34 24 28 30 35 26 24 26 27 23 24 34 37 35 24 30 28 37 22 25 24 27 37 27 21 27 32 36 36 24 37 36 25 29 39 37 30 23 22 22 23 22 31 36 29 22 25 32 23 23 25 28 35 27 30 39 36 23 29 35 33 26 23 27 23 24 35 35 31 28 26 21 24 33 27 24 32
27 27 27 37 26 38 36 36 37 37 34 36 35 29 31 29 38 39 26 27 32 37 31 30 41 41 43 37 30 36 30 25 36 33 40 44 33 41 39 31 30 36 33 41 42 25 30 36 33 27 35 25 37 41 41 38 33 36 29 44 37 34 39 36 41 25 29 43 38 39 27 25 38 42 37 28 25 26 34 40 26 42 27 29 35 33 42 34 40 35 30 27 31 35 41 42 42 37 38 28 41
28 25 27 29 26 18 22 21 23 20 24 19 21 23 18 28 24 25 19 26 22 22 25 28 19 24 25 20 24 25 19 24 29 17 18 20 29 19 26 23 24 20 25 16 25 24 28 22 28 25 28 24 25 20 19 26 29 18 18 16 24 21 16 20 26 29 18 25 19 19 18 28 21 30 30 27 27 25 28 17 16 17 23 20 24 20 25 27 20 25 20 17 18 22 22 25 22 21 24 30 18
29 28 27 47 34 36 28 40 27 41 45 31 31 45 44 48 41 45 29 40 41 42 48 45 45 43 33 39 44 47 35 38 44 48 37 48 42 46 39 28 42 45 47 45 29 26 46 36 46 41 33 30 33 26 46 30 39 37 36 39 47 44 34 48 39 33 34 36 35 40 36 39 45 44 44 48 44 41 35 30 29 41 36 40 35 41 37 35 47 40 28 34 38 42 40 26 45 29 30 34 42
30 27 29 25 35 19 24 29 29 32 26 25 33 20 34 26 20 28 30 29 28 22 26 34 31 22 34 22 27 32 32 22 21 30 35 25 22 33 22 20 27 27 35 31 20 32 28 23 25 30 32 32 25 27 20 23 32 21 27 35 33 26 22 30 22 33 23 19 22 27 23 26 33 34 31 23 21 31 29 25 31 23 22 31 27 31 22 29 33 19 29 24 29 35 28 25 21 23 31 19 32
31 43 26 26 39 43 36 25 35 42 35 38 26 29 33 40 32 43 38 28 25 43 25 43 35 25 36 40 24 32 39 29 36 42 29 28 30 31 26 24 37 29 39 28 38 42 31 34 29 37 37 38 39 25 39 42 31 26 30 38 34 37 32 33 31 26 40 24 42 41 36 31 33 34 42 35 25 32 24 31 38 24 33 34 26 36 26 34 27 36 34 23 35 29 41 24 38 35 24 31 26
32 10 10 9 9 10 9 13 8 10 9 9 12 14 13 8 9 12 11 8 10 11 11 10 10 10 10 12 8 12 12 12 10 12 14 12 12 8 10 11 14 9 9 9 13 11 9 14 8 11 12 14 9 13 13 13 10 10 13 9 12 11 11 14 11 14 13 10 14 9 13 10 11 13 9 13 8 8 12 14 14 12 10 13 9 13 8 8 12 13 10 13 13 13 11 13 10 13 12 12 10
33 25 24 40 40 37 26 27 42 28 35 39 28 41 38 40 32 31 31 33 33 34 32 25 39 32 29 25 25 43 29 39 42 23 26 37 37 42 33 25 38 30 24 34 25 25 38 32 28 26 37 41 38 26 28 35 32 37 33 39 30 28 31 34 38 24 34 40 27 36 30 24 42 36 40 38 30 32 23 37 39 32 24 39 41 42 24 43 31 26 38 32 31 43 34 33 26 24 42 32 40
34 49 39 49 38 40 43 39 50 45 43 52 40 42 40 39 47 45 52 36 37 48 44 40 52 54 54 56 37 62 53 53 38 38 55 63 62 55 39 43 57 37 47 62 44 45 49 52 49 45 36 59 57 42 50 36 41 47 59 52 38 38 49 57 51 45 58 35 46 49 59 55 43 38 63 46 52 51 49 43 62 56 63 48 62 47 41 55 58 49 37 60 39 37 61 41 44 50 52 46 50
35 15 22 23 17 24 15 19 21 24 25 18 21 19 16 21 20 17 21 23 23 19 26 24 22 22 23 15 20 21 15 19 26 21 17 16 21 19 21 22 15 26 26 21 26 17 26 18 26 18 20 23 18 23 24 22 27 27 18 20 24 24 26 17 22 16 24 22 24 23 27 19 26 15 18 16 19 17 24 26 21 24 18 18 24 24 25 20 19 25 16 18 25 16 19 27 21 17 16 24 19
36 21 16 16 18 15 22 22 16 19 22 19 18 19 17 20 18 19 16 20 20 17 18 15 19 16 23 22 20 18 16 20 14 21 17 23 18 20 15 14 17 23 22 23 20 15 13 19 17 21 21 21 16 23 15 21 15 18 16 15 15 23 14 22 18 14 18 21 15 15 13 18 17 17 21 23 21 18 22 13 16 18 13 15 13 14 23 18 21 14 13 15 22 16 21 21 21 19 17 20 20
37 50 49 38 51 40 51 47 41 34 52 51 34 50 51 50 47 39 54 32 48 40 43 51 45 44 52 50 33 50 34 34 40 53 47 40 32 48 33 50 30 52 55 52 53 46 41 42 54 31 51 41 37 38 39 31 38 32 31 44 33 52 32 33 46 46 32 53 34 39 32 36 39 40 33 43 46 32 50 49 34 50 46 54 34 32 36 31 42 32 52 38 39 45 53 54 53 49 54 52 53
38 26 21 31 39 30 22 22 25 23 27 37 37 34 26 30 22 23 27 35 39 34 22 36 27 33 30 24 23 26 22 27 34 37 37 34 30 21 39 24 24 25 21 35 22 24 39 25 37 31 23 24 23 30 24 32 27 36 22 26 26 30 24 34 29 34 30 31 24 36 26 31 28 33 37 36 23 39 23 31 35 22 23 31 24 26 33 36 31 25 33 35 34 30 39 25 32 22 36 22 37
39 50 29 40 31 35 42 48 35 47 50 33 35 29 43 34 30 35 34 40 48 40 46 40 36 50 44 45 48 35 31 33 46 28 29 46 39 28 38 44 33 44 47 33 38 30 42 36 47 39 50 41 36 39 45 34 44 49 45 48 28 35 37 28 36 46 41 33 29 44 30 33 29 50 50 31 44 32 48 44 43 32 41 46 43 38 41 38 33 47 38 43 39 44 31 48 50 44 31 36 44
40 28 45 42 45 26 27 30 30 36 38 25 26 39 45 27 33 45 47 26 28 30 32 27 40 45 30 34 28 45 40 40 26 46 43 40 37 33 39 38 41 37 31 43 47 45 45 41 40 40 32 31 41 31 27 43 33 47 38 41 43 38 38 35 37 47 43 31 47 33 37 38 28 31 44 29 29 46 32 40 29 34 42 36 44 37 39 41 30 27 42 43 26 27 26 33 41 46 33 44 39;
param maxIb: 1 :=
1 4.550000e+01
2 4.420000e+01
3 1.690000e+01
4 39
5 2.470000e+01
6 3.770000e+01
7 3.380000e+01
8 3.770000e+01
9 4.030000e+01
10 1.690000e+01
11 2.990000e+01
12 4.420000e+01
13 1.430000e+01
14 2.210000e+01
15 4.680000e+01
16 4.550000e+01
17 39
18 3.640000e+01
19 3.770000e+01
20 5.070000e+01
21 1.690000e+01
22 2.860000e+01
23 52
24 4.680000e+01
25 2.210000e+01
26 39
27 4.420000e+01
28 2.990000e+01
29 4.810000e+01
30 3.510000e+01
31 4.290000e+01
32 1.430000e+01
33 4.290000e+01
34 6.370000e+01
35 2.730000e+01
36 2.340000e+01
37 5.460000e+01
38 39
39 5.070000e+01
40 4.680000e+01;
param tempoe=0.000820;
