param nvertices=10; #numero de vertices
param ndemandas=40; #numero de demandas
param capacidadeij: 1 2 3 4 5 6 7 8 9 10 :=
 1 100 100 100 100 100 100 100 100 100 100
2 100 100 100 100 100 100 100 100 100 100
3 100 100 100 100 100 100 100 100 100 100
4 100 100 100 100 100 100 100 100 100 100
5 100 100 100 100 100 100 100 100 100 100
6 100 100 100 100 100 100 100 100 100 100
7 100 100 100 100 100 100 100 100 100 100
8 100 100 100 100 100 100 100 100 100 100
9 100 100 100 100 100 100 100 100 100 100
10 100 100 100 100 100 100 100 100 100 100; #Capacidade de banda de comunicacao de cada arco
param Adj: 1 2 3 4 5 6 7 8 9 10 := 
1 0 0 1 0 0 1 1 1 0 1
2 0 0 0 1 1 0 1 0 1 1
3 1 0 0 1 0 1 1 0 0 1
4 0 1 1 0 0 0 1 0 0 0
5 0 1 0 0 0 0 0 0 1 1
6 1 0 1 0 0 0 0 1 0 1
7 1 1 1 1 0 0 0 0 0 0
8 1 0 0 0 0 1 0 0 0 1
9 0 1 0 0 1 0 0 0 0 0
10 1 1 1 0 1 1 0 1 0 0;  #Matriz de adjacencia da topologia
param I: 1 2 3 :=
1 5.000000 6.000000 12.000000
2 3.000000 2.000000 12.000000
3 4.000000 9.000000 17.000000
4 9.000000 3.000000 12.000000
5 10.000000 2.000000 17.000000
6 6.000000 9.000000 11.000000
7 2.000000 9.000000 14.000000
8 10.000000 2.000000 15.000000
9 8.000000 9.000000 13.000000
10 8.000000 7.000000 18.000000
11 7.000000 10.000000 13.000000
12 6.000000 2.000000 18.000000
13 8.000000 4.000000 10.000000
14 5.000000 6.000000 10.000000
15 2.000000 9.000000 15.000000
16 4.000000 3.000000 15.000000
17 1.000000 5.000000 19.000000
18 5.000000 10.000000 10.000000
19 1.000000 2.000000 15.000000
20 10.000000 8.000000 11.000000
21 3.000000 7.000000 16.000000
22 7.000000 10.000000 19.000000
23 2.000000 6.000000 11.000000
24 3.000000 10.000000 12.000000
25 9.000000 5.000000 14.000000
26 10.000000 8.000000 16.000000
27 1.000000 5.000000 17.000000
28 8.000000 1.000000 15.000000
29 7.000000 4.000000 13.000000
30 2.000000 7.000000 14.000000
31 3.000000 5.000000 11.000000
32 8.000000 6.000000 18.000000
33 6.000000 5.000000 11.000000
34 5.000000 1.000000 18.000000
35 9.000000 8.000000 19.000000
36 1.000000 10.000000 17.000000
37 9.000000 10.000000 18.000000
38 8.000000 9.000000 11.000000
39 10.000000 4.000000 16.000000
40 3.000000 9.000000 19.000000;
param Ib: 1 2 3 4 5 6 7 8 9 10 11 12 13 14 15 16 17 18 19 20 21 22 23 24 25 26 27 28 29 30 31 32 33 34 35 36 37 38 39 40 41 42 43 44 45 46 47 48 49 50 51 52 53 54 55 56 57 58 59 60 61 62 63 64 65 66 67 68 69 70 71 72 73 74 75 76 77 78 79 80 81 82 83 84 85 86 87 88 89 90 91 92 93 94 95 96 97 98 99 100 :=
1 41 44 39 37 49 37 50 51 40 48 32 48 48 44 43 28 32 28 43 48 45 31 41 42 35 35 49 39 48 36 28 31 41 38 44 40 47 34 42 48 40 49 44 33 40 50 49 47 31 28 39 42 46 36 49 32 40 28 29 39 29 49 38 43 31 28 33 38 40 34 41 31 43 28 35 50 29 38 31 29 40 34 31 36 50 49 37 30 30 43 34 38 39 37 44 44 33 42 44 28
2 24 20 17 25 24 15 22 14 23 14 18 20 23 22 24 14 20 16 14 22 24 16 24 14 19 18 20 22 14 15 15 19 23 20 14 20 21 17 20 20 23 19 18 23 15 23 15 19 14 18 17 20 23 22 20 17 20 20 21 17 21 19 18 17 20 20 14 18 20 18 17 24 23 22 22 18 22 22 23 15 21 24 22 13 17 24 21 18 18 16 15 13 17 15 21 20 18 17 24 19
3 16 25 23 22 19 17 22 16 20 25 20 21 24 17 18 22 23 24 23 20 23 24 16 19 20 15 19 19 19 23 15 22 15 19 24 18 20 23 19 21 23 17 15 19 20 18 22 16 26 21 21 16 24 22 25 24 20 23 16 20 15 15 21 16 23 20 15 23 18 19 21 25 19 24 25 18 18 25 22 16 14 14 18 25 14 14 20 22 24 19 21 26 18 16 15 18 16 17 16 23
4 16 11 10 17 15 15 11 12 15 11 11 14 18 13 14 17 10 13 11 12 16 17 14 14 14 12 10 10 10 13 13 14 12 14 13 12 17 14 13 13 16 16 12 17 16 13 14 15 13 10 13 12 14 12 10 15 13 17 10 13 16 17 11 14 17 10 15 16 13 11 11 14 12 12 16 16 18 12 16 11 17 13 14 16 18 15 14 12 12 14 12 16 14 14 12 11 17 14 12 17
5 32 39 33 29 33 26 25 41 31 34 27 38 38 31 31 23 38 40 27 32 31 22 40 41 29 35 37 39 26 39 24 30 35 36 27 32 41 39 37 26 40 23 39 27 23 37 29 26 37 35 27 27 28 38 29 39 37 41 34 27 41 38 25 27 29 25 24 26 32 24 32 24 40 30 28 24 37 36 24 39 33 31 34 26 31 34 27 37 39 29 24 23 23 33 41 32 41 35 23 33
6 22 25 22 28 24 19 25 31 25 24 23 30 17 18 23 18 25 19 24 29 17 22 21 28 28 17 30 20 29 23 18 25 19 19 31 18 25 20 27 30 25 17 28 28 26 24 29 25 19 25 26 28 18 29 27 26 25 25 17 24 26 19 19 29 19 19 25 24 19 29 21 20 26 30 20 31 21 21 29 17 26 18 17 20 25 26 30 30 31 19 24 23 31 21 21 27 23 20 28 20
7 46 46 49 38 39 43 34 34 36 45 40 44 41 44 32 37 41 45 40 34 37 36 29 35 50 44 40 38 43 48 29 39 39 33 31 28 40 40 43 48 45 46 38 44 34 48 36 50 28 42 51 31 48 34 39 38 43 37 47 49 35 37 52 36 34 51 47 28 40 39 37 52 42 29 33 48 34 44 36 41 42 35 36 33 45 39 35 44 38 47 46 33 42 41 36 46 50 44 28 31
8 36 37 43 30 33 29 33 33 40 38 36 27 27 36 41 36 41 34 31 36 33 24 27 40 39 37 38 43 35 41 31 31 39 29 30 40 24 44 35 31 42 36 39 32 33 27 31 42 30 29 37 38 40 42 33 24 27 41 24 38 27 32 25 30 34 24 40 30 36 35 38 41 43 38 32 44 42 42 24 31 36 34 44 26 41 30 30 29 26 30 32 34 35 36 26 27 25 36 41 27
9 14 21 19 18 14 17 19 21 17 19 14 16 24 17 19 18 24 14 25 17 20 22 15 17 21 21 16 24 21 23 21 17 22 14 21 14 18 23 16 15 17 24 17 14 24 21 14 23 20 21 22 22 18 17 23 15 23 19 15 24 19 24 14 23 14 22 19 18 23 16 17 21 20 22 25 23 24 23 15 14 21 18 19 18 18 18 22 14 22 17 22 21 16 17 15 15 18 19 22 17
10 24 21 21 33 21 26 23 19 23 24 22 21 23 27 22 27 26 34 26 32 33 20 34 31 28 24 24 26 23 32 19 21 21 35 34 32 28 33 26 22 32 27 24 24 32 30 26 33 21 25 26 31 22 33 25 20 27 34 28 19 26 33 34 23 25 26 33 20 29 34 20 20 30 32 23 22 27 23 27 32 30 28 25 26 28 21 32 23 33 25 27 33 20 24 29 29 27 25 33 32
11 20 24 33 26 25 28 27 33 28 28 25 24 24 29 34 30 19 25 21 29 24 32 28 34 30 34 22 26 33 21 29 26 22 32 33 30 28 26 22 33 19 30 28 21 24 28 24 24 31 32 28 24 33 27 22 32 28 20 31 22 30 27 27 19 23 19 21 18 32 24 33 23 26 23 28 32 28 28 22 26 22 31 30 28 30 28 27 21 30 18 30 19 31 31 21 33 19 25 24 31
12 17 12 14 21 16 15 17 15 16 18 20 22 19 13 21 15 15 19 19 15 15 15 17 21 16 16 16 17 17 21 16 13 19 16 14 14 17 15 17 21 20 14 12 14 18 13 12 18 17 14 20 14 19 20 12 18 21 22 14 21 13 17 20 14 13 16 16 19 18 13 18 20 15 17 12 16 16 16 16 19 20 20 16 13 13 14 15 13 12 21 20 18 17 18 19 16 16 19 13 13
13 27 19 33 22 24 24 35 23 30 23 26 21 28 33 29 20 24 25 20 29 25 27 28 30 35 27 29 19 32 26 20 25 28 28 30 35 33 33 27 27 19 34 29 27 33 31 28 28 33 35 23 23 33 19 19 29 22 20 34 25 28 35 25 31 25 29 30 22 34 33 26 23 22 25 28 35 34 29 25 33 35 32 24 25 33 29 25 22 24 33 21 27 21 33 32 21 32 33 33 30
14 33 32 35 34 33 29 39 34 34 22 36 27 30 33 33 27 25 31 25 21 38 33 23 22 32 38 27 22 22 37 26 28 35 37 29 31 30 32 36 36 35 29 34 31 23 37 34 26 34 22 29 23 22 29 36 21 34 34 24 27 34 38 33 31 29 36 38 32 36 37 29 25 28 36 32 28 34 38 34 28 33 34 34 37 25 39 38 34 26 26 21 26 35 26 25 37 31 33 32 36
15 17 29 30 29 25 28 21 25 19 23 28 21 17 25 30 20 25 28 22 30 27 17 30 30 18 17 26 26 19 20 25 28 17 28 22 19 27 30 26 23 31 21 20 18 18 20 26 30 31 29 23 28 22 25 19 19 23 22 18 18 21 21 17 19 29 26 31 22 27 22 19 25 17 19 18 31 30 18 17 19 17 30 20 22 25 22 22 21 19 22 20 20 27 30 20 30 30 29 19 18
16 26 27 18 22 20 27 29 30 18 31 23 31 22 22 30 23 24 20 29 28 20 18 23 27 28 30 23 27 21 21 29 20 22 27 30 32 30 27 22 22 19 30 22 18 18 18 24 27 25 20 27 30 28 31 19 24 20 26 21 27 28 32 18 28 25 25 21 29 21 29 18 27 25 18 28 20 29 26 23 30 25 27 22 18 24 28 22 28 28 32 32 32 29 26 26 21 22 22 26 26
17 24 35 36 34 34 31 37 27 27 29 31 26 26 23 34 23 30 29 36 29 22 27 38 33 32 36 33 30 39 38 33 29 24 39 38 33 25 29 33 34 21 25 23 27 24 39 36 23 23 35 35 28 28 36 29 24 33 37 30 31 27 38 36 31 39 26 25 24 35 25 36 39 24 38 21 25 30 28 27 32 23 28 30 27 31 31 27 35 30 38 27 27 22 23 31 37 28 24 38 38
18 29 40 31 22 32 23 24 40 27 40 22 24 32 24 31 36 32 30 25 25 38 23 33 32 36 31 37 32 36 36 34 40 40 28 24 25 34 28 23 37 34 36 38 37 34 30 35 32 31 24 37 23 30 23 31 23 30 39 23 39 36 36 31 39 40 38 34 37 38 24 24 27 40 36 34 37 30 30 25 22 24 29 28 38 39 27 29 28 33 32 33 34 30 24 22 36 29 40 30 39
19 23 21 25 26 19 19 20 15 21 18 17 17 24 24 15 15 22 20 23 16 27 15 19 24 19 24 16 17 19 26 17 16 20 17 25 15 18 20 25 16 15 24 20 22 27 27 24 20 22 16 27 27 22 17 25 18 23 21 20 23 24 17 25 24 16 27 16 22 21 23 18 15 27 18 19 21 23 21 19 15 20 24 25 21 27 21 24 19 16 18 22 24 18 23 22 16 23 26 15 19
20 19 19 24 18 32 21 23 24 22 20 19 22 20 22 25 24 30 27 29 28 29 24 25 28 32 27 31 32 28 29 30 23 21 19 20 32 20 32 22 29 26 31 32 26 26 21 22 22 23 30 27 31 19 30 30 24 19 23 26 19 24 28 26 27 19 24 18 26 18 28 31 31 25 31 19 19 26 27 26 26 27 22 32 20 23 26 22 31 18 24 31 23 23 28 22 28 32 25 27 24
21 60 36 33 55 35 47 46 43 43 56 44 44 44 34 54 40 48 47 39 60 41 58 39 40 57 46 46 52 53 55 51 50 53 38 57 39 50 46 55 55 45 52 44 36 59 38 59 53 44 59 52 60 48 41 38 54 32 43 55 57 41 56 40 49 45 53 40 45 50 55 47 56 57 56 46 40 42 34 51 43 43 58 53 59 41 44 35 58 59 40 55 42 37 39 45 57 36 56 39 53
22 38 31 30 37 33 28 40 26 28 36 44 30 37 28 37 26 26 42 33 42 38 40 41 33 42 26 28 30 40 33 42 27 27 33 44 44 35 36 38 43 41 43 36 27 33 37 27 28 26 42 26 34 42 40 38 44 32 44 36 31 40 37 41 38 44 27 26 38 39 28 35 25 36 30 43 38 35 32 28 36 38 42 44 36 26 35 34 32 37 29 27 24 36 41 31 28 35 26 28 35
23 34 31 23 28 35 28 24 26 28 23 25 35 28 32 27 21 22 22 30 26 36 29 22 29 22 31 33 25 23 30 33 28 28 33 36 26 32 30 35 21 26 24 20 32 30 23 35 27 30 24 31 30 26 28 32 34 35 30 22 35 29 22 26 23 28 33 23 34 24 24 34 26 21 29 27 26 25 33 28 35 36 36 34 28 30 26 24 28 27 36 35 26 29 28 20 28 23 29 26 31
24 11 10 11 8 11 11 9 11 9 8 11 9 12 10 8 9 11 13 8 12 8 9 12 12 9 11 11 9 8 12 9 12 12 9 11 11 8 11 10 11 11 12 7 10 13 10 8 11 9 11 13 9 8 11 8 8 9 12 7 10 7 10 11 8 13 10 8 12 11 12 8 9 10 8 10 9 12 8 12 11 7 9 12 11 9 11 9 9 9 10 9 12 10 8 8 12 12 9 11 9
25 46 60 45 48 57 52 47 55 36 43 60 54 44 59 57 52 43 43 33 46 51 36 47 38 55 50 34 58 59 52 51 48 39 50 55 40 37 57 50 56 59 56 58 55 51 43 49 49 55 53 59 50 48 53 61 53 52 54 56 48 35 55 60 33 44 35 55 59 45 48 41 61 51 34 53 36 42 44 35 60 44 50 44 35 40 41 55 46 42 39 45 42 39 45 38 53 42 44 38 36
26 30 40 31 37 48 44 48 35 29 51 30 44 41 36 52 41 30 50 47 43 53 50 53 50 45 35 52 31 53 46 49 35 33 44 29 32 29 48 31 31 33 37 48 46 44 48 31 34 38 39 51 48 35 45 30 49 32 35 44 43 48 34 40 33 52 29 40 38 48 31 46 48 36 42 43 29 40 49 37 43 40 35 35 35 44 45 42 50 30 53 42 53 46 40 30 49 40 50 41 49
27 26 20 17 25 16 27 27 15 22 23 18 15 17 22 17 19 21 26 20 23 22 17 17 15 19 20 21 17 16 19 23 24 26 17 17 19 20 15 25 18 22 15 26 25 24 22 19 18 22 24 19 27 25 23 22 26 18 23 16 16 15 23 26 27 17 24 15 22 22 24 16 18 20 19 20 15 22 15 19 24 27 20 15 21 26 27 17 25 15 16 15 19 25 15 26 15 25 23 27 18
28 16 22 17 20 17 19 30 29 21 16 24 22 20 23 24 28 19 19 24 19 29 27 24 23 17 19 18 27 23 17 27 27 28 18 24 17 22 22 28 22 25 26 23 17 18 18 21 21 21 22 27 29 29 24 30 25 18 29 29 26 24 27 23 26 27 24 26 24 25 17 20 27 26 30 28 23 29 25 29 20 28 22 23 28 16 20 29 26 23 20 21 17 24 19 25 30 23 22 22 17
29 12 10 11 10 11 14 11 12 13 10 9 11 12 12 12 9 9 10 12 13 10 9 14 8 14 12 14 8 10 13 14 12 8 13 10 9 13 13 12 9 10 9 9 13 11 13 14 9 9 14 14 8 10 9 10 10 8 13 14 12 11 11 11 13 8 10 8 8 11 13 12 9 12 9 13 12 14 11 14 11 14 8 11 13 11 9 12 14 8 13 11 8 12 12 11 13 9 13 10 10
30 43 45 38 34 41 38 34 36 42 39 32 37 34 26 31 41 40 29 33 28 39 38 42 40 28 31 26 25 34 39 27 44 27 41 30 43 35 41 38 27 42 27 41 26 31 43 39 40 36 27 36 30 40 36 30 29 39 43 44 44 39 30 41 36 31 26 27 28 44 39 41 35 30 38 45 29 25 27 30 45 43 32 28 36 36 31 29 32 32 43 25 32 37 41 40 40 43 33 25 36
31 10 13 12 13 10 9 10 14 15 15 10 15 9 12 11 14 10 12 14 12 15 11 12 10 15 10 13 10 15 11 14 15 11 12 15 10 14 9 13 11 10 13 9 14 11 12 10 14 9 12 9 9 13 15 11 11 14 15 15 14 10 14 13 15 15 9 11 9 12 13 11 12 15 10 12 12 9 14 9 9 10 15 12 11 9 12 15 10 9 12 10 15 11 13 15 12 12 10 11 13
32 48 39 30 36 46 39 30 42 42 48 36 48 45 34 37 47 39 36 48 37 31 47 28 29 40 50 49 41 39 44 51 33 36 33 49 50 52 51 35 45 48 30 40 44 37 46 48 51 46 40 52 49 33 34 29 41 47 30 52 36 33 38 49 39 32 37 47 43 50 46 43 41 39 50 35 40 37 51 49 33 48 50 51 48 36 50 40 49 36 51 32 48 36 30 41 50 32 37 51 41
33 41 49 34 29 33 52 50 40 35 39 33 50 40 29 35 30 34 33 47 34 46 44 36 32 44 45 37 36 36 35 43 32 48 34 46 43 31 45 36 44 47 51 35 43 36 31 51 37 51 49 47 40 42 36 48 39 44 38 50 40 47 39 32 40 29 29 40 28 31 36 39 40 35 42 34 49 44 51 46 31 35 41 36 42 36 51 36 38 44 43 44 51 38 38 35 38 42 44 28 51
34 15 20 20 19 15 20 22 16 20 25 24 23 14 15 25 16 24 18 22 24 19 24 20 24 15 17 17 19 15 21 22 24 14 23 13 23 21 16 22 17 20 19 13 21 17 24 22 13 16 14 22 19 17 21 20 21 14 22 21 24 24 22 17 18 19 16 22 19 20 14 17 22 21 22 24 19 14 24 14 14 22 13 16 16 16 24 18 18 21 22 21 14 17 19 20 15 23 23 25 19
35 30 33 41 29 27 42 27 25 31 29 30 24 42 27 29 27 25 25 29 30 41 42 38 30 39 44 27 37 44 38 36 25 44 27 37 29 38 42 33 41 25 34 33 25 42 39 37 43 42 29 41 36 39 37 41 40 44 26 30 30 40 31 42 36 24 42 37 30 34 29 43 41 28 28 43 29 25 31 28 37 38 29 30 34 25 38 30 35 37 43 27 34 38 32 39 27 38 37 25 29
36 37 33 27 39 37 38 27 28 24 27 24 23 35 22 30 35 33 32 37 38 28 39 35 34 35 24 22 30 27 29 33 33 27 37 26 38 31 29 25 39 26 34 38 28 22 28 27 22 23 22 40 28 23 33 40 33 39 23 32 32 39 27 30 35 29 25 24 34 39 24 27 35 39 38 31 39 29 23 31 38 30 23 36 29 22 32 38 29 24 28 31 28 35 30 33 40 27 37 23 35
37 11 11 14 11 11 8 10 14 13 12 12 13 13 12 14 10 14 11 10 8 14 9 14 13 12 12 14 9 8 9 9 14 13 13 9 9 9 12 8 11 9 10 10 12 14 11 12 11 14 9 14 11 13 12 9 14 11 10 13 13 14 12 9 10 8 10 11 8 9 13 8 14 12 8 11 14 12 12 10 11 10 14 8 8 10 14 9 9 14 13 10 12 8 9 12 13 14 14 11 10
38 40 32 34 44 40 28 27 38 37 42 31 40 34 40 38 38 33 34 45 34 31 26 26 44 29 40 27 38 38 27 40 31 29 45 26 42 40 45 41 36 37 39 31 26 38 42 27 25 26 32 38 28 40 42 41 38 40 42 42 34 26 32 26 45 41 31 44 38 31 36 45 43 26 43 27 42 38 30 45 31 40 25 30 26 37 41 42 40 41 34 30 32 43 29 33 29 40 42 45 45
39 21 27 33 32 28 29 25 33 21 22 24 35 28 31 31 27 31 30 33 32 33 36 24 34 28 27 31 34 24 34 27 23 23 31 34 21 27 27 23 28 21 21 24 30 36 30 28 24 34 28 27 33 30 34 28 24 32 36 28 31 26 32 22 32 24 20 34 23 28 22 23 34 27 28 32 20 31 22 21 33 32 22 21 30 20 33 30 23 30 27 34 23 24 20 26 26 20 30 25 24
40 32 32 31 25 27 27 30 29 37 33 36 27 30 26 30 31 21 23 37 22 37 37 26 22 36 29 26 23 33 28 28 35 24 29 38 24 28 35 27 36 31 34 26 34 38 31 32 29 30 28 36 26 36 23 28 36 28 33 24 35 31 30 34 25 37 22 25 25 30 30 37 28 32 37 32 31 33 36 23 33 21 24 33 24 31 24 27 35 37 28 33 36 21 26 30 25 35 29 25 36;
param maxIb: 1 :=
1 51
2 25
3 26
4 18
5 42
6 31
7 52
8 44
9 25
10 35
11 34
12 22
13 35
14 39
15 31
16 33
17 39
18 40
19 27
20 33
21 60
22 44
23 36
24 13
25 61
26 53
27 27
28 30
29 14
30 46
31 16
32 52
33 52
34 25
35 44
36 40
37 14
38 46
39 36
40 39;
param tempoe=0.000675;
