param nvertices=10; #numero de vertices
param ndemandas=40; #numero de demandas
param capacidadeij: 1 2 3 4 5 6 7 8 9 10 :=
 1 100 100 100 100 100 100 100 100 100 100
2 100 100 100 100 100 100 100 100 100 100
3 100 100 100 100 100 100 100 100 100 100
4 100 100 100 100 100 100 100 100 100 100
5 100 100 100 100 100 100 100 100 100 100
6 100 100 100 100 100 100 100 100 100 100
7 100 100 100 100 100 100 100 100 100 100
8 100 100 100 100 100 100 100 100 100 100
9 100 100 100 100 100 100 100 100 100 100
10 100 100 100 100 100 100 100 100 100 100; #Capacidade de banda de comunicacao de cada arco
param Adj: 1 2 3 4 5 6 7 8 9 10 := 
1 0 0 0 0 0 1 0 0 1 1
2 0 0 1 0 1 0 0 0 0 1
3 0 1 0 1 1 0 0 1 0 0
4 0 0 1 0 0 0 1 1 0 0
5 0 1 1 0 0 0 0 0 0 1
6 1 0 0 0 0 0 0 0 0 1
7 0 0 0 1 0 0 0 1 1 0
8 0 0 1 1 0 0 1 0 0 0
9 1 0 0 0 0 0 1 0 0 1
10 1 1 0 0 1 1 0 0 1 0;  #Matriz de adjacencia da topologia
param I: 1 2 3 :=
1 3.000000 6.000000 17.000000
2 6.000000 10.000000 13.000000
3 3.000000 8.000000 13.000000
4 5.000000 9.000000 10.000000
5 1.000000 4.000000 17.000000
6 4.000000 8.000000 13.000000
7 6.000000 2.000000 11.000000
8 2.000000 8.000000 11.000000
9 10.000000 3.000000 12.000000
10 9.000000 4.000000 12.000000
11 7.000000 1.000000 10.000000
12 2.000000 4.000000 15.000000
13 10.000000 4.000000 18.000000
14 1.000000 5.000000 12.000000
15 4.000000 2.000000 19.000000
16 8.000000 2.000000 17.000000
17 3.000000 9.000000 12.000000
18 3.000000 4.000000 12.000000
19 5.000000 7.000000 10.000000
20 5.000000 9.000000 19.000000
21 10.000000 9.000000 14.000000
22 1.000000 7.000000 13.000000
23 4.000000 3.000000 13.000000
24 9.000000 4.000000 12.000000
25 10.000000 7.000000 13.000000
26 5.000000 8.000000 10.000000
27 6.000000 1.000000 18.000000
28 6.000000 9.000000 13.000000
29 8.000000 10.000000 11.000000
30 4.000000 6.000000 18.000000
31 8.000000 1.000000 10.000000
32 1.000000 9.000000 14.000000
33 4.000000 8.000000 14.000000
34 1.000000 4.000000 16.000000
35 10.000000 8.000000 12.000000
36 4.000000 10.000000 12.000000
37 7.000000 4.000000 10.000000
38 10.000000 1.000000 16.000000
39 8.000000 5.000000 12.000000
40 6.000000 2.000000 18.000000;
param Ib: 1 2 3 4 5 6 7 8 9 10 11 12 13 14 15 16 17 18 19 20 21 22 23 24 25 26 27 28 29 30 31 32 33 34 35 36 37 38 39 40 41 42 43 44 45 46 47 48 49 50 51 52 53 54 55 56 57 58 59 60 61 62 63 64 65 66 67 68 69 70 71 72 73 74 75 76 77 78 79 80 81 82 83 84 85 86 87 88 89 90 91 92 93 94 95 96 97 98 99 100 :=
1 26 20 19 30 20 23 24 31 24 26 27 32 32 19 24 30 26 29 32 31 25 21 31 27 24 32 24 21 27 31 28 32 32 26 19 22 19 20 27 18 20 29 24 18 30 19 19 25 24 29 18 30 20 19 29 24 26 28 25 18 22 29 27 20 29 28 27 19 30 18 28 26 30 18 24 29 19 22 28 18 21 31 30 28 23 29 30 26 27 25 25 30 27 27 25 31 20 29 28 32
2 16 14 14 12 11 14 17 11 11 13 11 14 17 16 11 16 13 14 18 12 16 14 12 18 17 10 18 10 16 15 16 12 18 10 11 15 16 15 18 14 14 13 13 12 18 15 18 14 12 11 10 12 11 11 11 13 12 10 16 15 10 16 11 12 13 10 14 14 10 15 11 15 18 18 14 12 13 10 11 17 13 17 11 11 12 12 12 11 17 15 10 15 16 11 11 12 12 15 11 14
3 36 42 33 47 51 31 50 32 51 45 50 31 41 41 53 32 52 50 44 42 40 50 31 39 53 48 35 45 52 32 32 39 41 33 42 44 42 54 51 39 46 52 32 37 47 51 46 39 40 42 37 43 41 33 31 48 38 53 50 43 45 49 49 40 44 48 36 33 44 48 35 51 53 48 32 42 49 37 54 39 44 51 47 35 45 35 37 46 40 40 47 38 50 39 44 54 36 36 54 34
4 19 21 23 19 23 26 19 28 25 23 28 18 18 24 30 24 29 26 21 23 29 17 28 23 24 21 28 24 26 30 31 27 28 19 29 27 29 17 31 24 30 26 29 23 22 21 27 24 26 23 28 24 25 18 24 18 23 19 28 28 30 30 22 25 25 18 22 22 19 29 25 27 26 25 28 27 28 31 22 25 20 27 22 31 30 23 17 23 24 27 27 27 22 19 25 22 21 26 23 17
5 32 20 33 23 26 19 29 27 25 35 30 23 23 24 32 24 21 34 31 21 26 22 19 21 28 32 35 21 33 26 32 30 28 26 30 28 28 31 21 27 21 34 20 23 33 28 23 35 28 24 34 33 31 22 30 35 33 21 31 20 31 30 32 19 35 31 32 32 30 27 26 31 28 34 28 21 24 34 19 23 19 34 27 34 31 20 34 27 31 21 29 26 26 19 25 24 21 20 27 27
6 38 51 43 28 30 40 29 34 37 48 49 39 39 30 34 45 44 28 43 28 34 37 33 44 45 29 38 35 46 37 40 43 35 36 28 40 47 43 28 30 42 38 36 29 34 32 48 30 38 46 42 37 44 49 45 51 46 39 40 38 38 46 50 50 42 49 50 32 51 39 47 41 38 41 48 34 47 28 42 48 44 35 47 39 48 47 39 43 37 50 31 33 34 28 44 48 36 41 33 39
7 13 12 11 10 9 12 12 9 13 14 8 13 13 11 15 16 9 9 14 14 12 10 9 10 12 13 9 15 9 11 14 10 9 10 14 11 16 9 10 11 15 9 11 13 9 12 14 10 12 11 15 9 11 9 10 9 10 14 13 11 15 11 13 11 15 11 12 13 9 9 13 15 10 12 9 9 14 9 9 12 12 15 11 11 14 13 12 15 12 10 15 11 14 15 14 11 11 9 13 11
8 26 24 26 22 31 27 18 25 24 32 18 21 23 19 27 27 24 18 19 26 32 22 29 24 27 26 20 23 20 22 25 27 31 22 30 27 25 31 30 22 26 29 23 26 19 27 22 28 30 28 26 27 23 26 26 18 28 24 21 19 26 23 30 30 21 29 19 21 28 23 31 31 23 18 22 29 32 28 24 27 29 27 28 19 24 29 28 27 29 32 26 23 25 21 30 24 24 26 26 25
9 27 26 17 20 19 18 23 22 17 15 18 25 23 23 26 18 18 21 18 18 20 26 23 15 26 18 24 20 22 23 26 20 27 16 26 16 21 15 21 18 15 22 15 19 15 24 27 19 16 24 19 15 24 22 16 20 19 21 15 16 20 27 15 26 25 19 22 25 23 24 27 20 16 17 21 15 23 17 25 18 18 26 18 18 21 17 22 25 20 21 15 26 17 24 25 20 18 22 21 17
10 11 9 13 12 14 9 11 13 12 14 10 9 10 10 11 11 10 8 12 13 13 13 11 11 14 9 13 13 8 14 12 9 14 10 11 12 13 12 12 9 10 12 12 12 10 14 11 12 10 13 11 13 9 13 14 8 14 10 10 8 11 12 12 13 10 10 11 13 8 9 12 14 13 9 14 8 13 9 10 10 14 9 11 9 11 10 9 13 10 12 11 13 11 12 9 10 11 11 13 11
11 45 28 31 42 33 32 33 32 48 39 28 45 34 43 37 34 45 41 34 44 35 27 39 41 38 28 40 28 33 28 27 43 27 38 29 38 37 30 28 41 38 35 44 47 40 39 47 35 31 42 47 38 44 34 32 30 38 35 32 28 38 28 44 43 43 36 35 46 27 45 39 44 36 31 35 32 38 45 43 41 47 44 34 45 32 31 41 27 40 27 46 38 30 28 41 38 46 30 37 36
12 16 15 17 18 13 11 14 16 13 18 16 15 10 16 14 16 17 16 14 10 12 13 18 14 12 15 16 15 11 17 14 11 16 14 13 13 12 15 17 14 11 16 10 12 13 16 12 18 11 13 14 13 12 13 15 11 15 17 18 10 11 17 11 17 16 12 17 11 18 18 13 17 18 13 14 17 17 17 12 14 16 17 15 16 14 17 10 11 15 14 18 15 15 16 10 18 18 16 14 11
13 15 15 21 16 21 20 17 14 13 13 17 13 16 20 12 16 12 16 18 11 14 12 15 20 11 11 13 15 13 13 17 20 18 12 12 17 18 17 13 16 17 20 14 15 13 12 12 12 16 18 18 12 20 20 18 16 16 12 19 14 17 13 16 20 18 17 14 15 14 19 14 14 20 16 16 15 17 17 19 14 14 18 21 14 17 17 18 19 18 15 12 20 18 19 15 18 18 16 19 15
14 42 53 34 43 45 39 45 54 51 58 54 44 41 53 39 48 48 47 33 49 49 47 51 39 34 43 42 34 58 36 41 40 53 40 43 56 42 37 44 44 54 56 41 50 44 38 38 47 33 48 57 55 45 55 44 45 52 52 56 38 47 48 39 53 47 53 36 44 47 34 35 38 44 41 36 51 34 56 48 58 36 41 36 50 35 48 51 37 33 45 55 32 57 35 43 50 44 44 55 56
15 38 38 43 38 34 46 50 46 32 49 37 31 40 33 50 48 39 30 30 33 38 50 30 52 33 41 43 43 45 52 49 37 29 40 47 40 32 32 39 35 36 45 29 43 42 30 34 40 50 48 46 37 49 35 51 50 30 46 52 40 35 44 41 36 34 33 48 42 31 48 50 42 41 33 35 48 29 39 28 43 38 52 33 35 29 35 42 36 34 52 51 42 45 45 49 32 50 46 45 51
16 23 29 27 31 30 20 22 31 31 26 33 31 32 22 29 29 30 26 22 26 30 27 33 21 32 19 21 21 28 26 33 23 30 20 24 28 20 32 31 20 20 30 32 20 28 32 28 31 33 32 18 31 29 24 25 22 26 25 19 26 25 30 32 32 23 34 30 19 22 31 18 29 23 25 27 28 33 30 21 30 25 32 24 20 27 20 20 26 26 25 28 27 20 31 28 30 21 27 21 29
17 51 42 51 33 57 51 36 56 48 57 57 51 47 58 39 35 37 48 34 54 44 40 55 37 37 58 53 52 38 42 43 52 37 34 54 51 55 47 58 48 54 36 34 41 46 45 37 50 34 36 41 43 45 43 33 58 46 50 48 47 48 33 36 58 57 40 57 39 43 52 46 39 39 52 47 58 43 32 50 36 42 39 35 44 39 38 47 55 40 46 49 42 49 57 58 37 36 48 33 40
18 33 31 21 19 22 30 26 30 25 27 25 28 21 21 24 29 24 32 30 21 24 19 23 27 24 26 26 32 32 33 29 27 25 29 26 25 31 34 33 32 19 28 31 21 25 23 31 29 32 21 25 29 33 19 30 31 30 27 28 24 20 20 32 24 22 19 19 31 26 21 28 29 31 21 23 29 26 32 21 22 23 23 24 33 25 21 19 25 22 26 29 28 19 24 32 29 28 26 25 20
19 29 37 26 30 34 30 36 28 38 25 23 37 33 37 33 23 37 32 31 33 26 30 22 34 37 39 27 37 31 30 36 34 38 32 28 21 23 24 31 35 24 34 32 39 25 22 34 39 31 23 33 25 29 29 32 34 34 37 27 32 39 30 35 34 26 39 33 29 36 23 22 33 31 29 34 31 25 23 35 36 23 28 31 27 28 30 32 22 29 38 21 27 24 35 34 21 25 24 34 29
20 23 20 29 24 19 24 32 33 27 31 34 20 23 19 25 24 24 27 33 25 23 21 20 25 20 28 29 31 19 29 33 25 31 29 20 27 33 24 21 33 34 19 28 25 21 29 22 28 28 20 27 32 25 27 33 31 32 23 33 20 28 20 25 32 30 32 29 26 31 27 27 27 19 25 26 25 30 24 19 26 33 30 29 28 27 32 25 23 26 25 24 31 32 18 25 24 27 26 21 22
21 28 39 34 31 46 40 36 33 33 46 27 36 42 30 47 44 36 26 43 37 33 35 48 43 37 44 37 32 33 48 43 45 47 40 35 37 26 28 30 38 27 47 30 47 44 42 29 39 27 39 46 47 47 31 33 46 31 40 28 30 33 28 39 43 40 41 37 28 45 43 46 29 31 31 27 45 44 47 27 29 43 39 44 30 45 48 47 41 34 29 45 36 46 41 41 30 31 32 46 34
22 15 14 15 20 18 18 13 12 15 17 18 18 21 18 12 15 17 18 11 16 19 16 12 17 18 17 18 13 19 13 19 12 13 15 13 15 17 14 15 20 20 15 15 16 20 20 12 12 12 12 14 17 12 18 15 17 12 13 13 16 12 16 18 16 18 20 17 14 18 21 14 15 17 17 20 13 19 14 19 15 13 20 17 14 21 12 17 17 19 18 17 17 15 20 20 17 17 15 13 11
23 18 13 13 19 20 14 19 19 19 15 19 17 13 20 14 13 14 14 20 15 15 16 19 12 19 17 18 15 16 12 13 21 16 15 14 12 13 15 15 18 13 16 19 14 15 13 18 16 20 14 19 18 17 19 21 13 12 12 12 15 12 13 15 16 19 19 13 19 13 15 19 19 19 14 12 16 14 20 12 20 12 15 13 15 19 12 18 17 17 14 20 13 15 13 15 20 13 20 19 14
24 29 39 25 28 36 45 44 30 40 35 37 29 36 35 39 42 26 27 46 38 28 46 39 27 33 38 41 46 29 32 45 33 27 30 44 43 28 38 28 46 45 40 36 37 45 30 40 36 37 42 37 45 44 43 28 39 34 42 33 36 43 31 26 38 37 33 30 36 40 32 36 45 45 26 46 34 42 27 45 38 26 30 33 43 26 47 31 43 46 42 34 32 35 27 41 33 38 43 43 31
25 11 11 13 10 13 9 12 10 14 12 13 8 13 13 10 11 9 14 14 13 8 8 9 10 13 12 10 13 14 9 11 13 12 10 12 13 13 10 8 8 10 9 9 9 9 10 9 13 12 13 10 14 13 9 9 12 8 10 11 12 8 13 11 11 11 10 11 11 13 14 14 8 14 8 13 8 11 9 14 9 10 12 9 9 11 9 13 8 10 9 10 11 8 8 13 14 12 13 10 10
26 14 13 12 17 11 15 21 15 13 14 13 19 20 19 20 19 13 13 19 15 19 16 14 12 18 19 21 15 15 17 13 18 12 15 14 17 16 13 15 16 13 17 17 11 15 14 12 19 11 11 20 15 17 12 19 16 17 12 17 13 17 14 20 15 16 20 19 19 20 11 20 14 13 15 14 16 20 19 18 12 21 14 18 15 16 16 15 12 17 13 13 12 18 11 13 18 19 12 12 18
27 10 10 10 9 7 9 7 8 9 12 13 10 8 10 10 11 10 9 7 11 7 8 12 10 10 10 11 12 7 10 10 11 13 8 7 11 8 8 11 11 7 12 8 9 10 11 10 11 9 7 10 10 13 11 9 9 12 11 9 13 7 12 10 11 10 9 9 10 11 9 9 9 8 10 11 8 10 7 10 12 10 9 12 12 12 8 9 9 10 12 10 9 12 11 8 11 8 12 12 13
28 27 25 27 19 18 27 24 25 23 21 16 22 25 21 20 25 17 26 23 22 22 23 18 18 26 16 24 23 20 17 16 22 30 20 21 24 21 25 21 18 30 20 23 21 24 29 19 20 17 24 26 23 21 28 22 29 16 28 26 18 20 26 17 24 29 23 24 16 19 29 24 26 29 19 21 16 23 29 24 27 17 19 18 26 20 24 16 29 17 22 22 17 21 24 18 24 25 26 16 30
29 32 42 43 29 24 40 34 33 25 34 33 25 28 38 38 31 31 27 35 36 28 27 39 31 36 41 43 35 28 34 26 29 39 32 42 41 43 30 30 30 32 38 28 42 37 24 23 24 27 42 29 31 24 24 41 32 34 30 37 32 40 24 37 24 36 32 29 42 33 24 37 34 38 40 36 25 25 42 37 32 42 26 27 25 31 40 24 41 41 23 31 30 26 26 41 31 30 31 26 39
30 24 14 18 16 18 19 24 19 22 15 22 22 14 21 16 21 15 23 14 18 16 14 18 21 21 21 14 14 19 21 24 23 25 22 25 14 22 19 22 24 24 20 21 23 15 16 19 21 24 21 24 14 17 14 19 18 19 23 20 19 24 15 19 22 19 22 17 20 23 15 16 24 14 17 17 24 23 23 15 15 19 19 21 23 22 23 22 20 14 14 15 23 24 24 15 18 18 18 13 13
31 24 31 38 24 27 23 23 39 36 38 34 36 24 24 36 35 29 36 30 22 39 30 25 40 32 38 38 25 31 33 35 29 39 32 26 22 28 25 35 27 36 31 39 40 29 34 30 28 29 23 40 38 27 35 29 37 29 22 27 24 33 37 29 38 25 38 23 28 40 32 27 24 28 33 35 26 36 34 36 32 24 40 40 33 32 28 30 31 34 32 29 29 37 34 40 22 30 34 27 36
32 34 26 25 38 28 33 33 25 37 40 25 42 38 28 35 29 36 35 24 37 26 29 30 39 31 26 25 38 39 31 23 35 31 24 35 38 24 35 37 36 25 39 36 40 31 24 27 26 36 32 23 25 24 38 41 25 31 41 27 41 28 41 24 36 29 24 35 41 37 25 40 39 23 24 36 25 39 32 28 27 34 33 38 23 32 27 40 28 39 28 37 34 37 23 29 37 39 30 28 30
33 40 36 37 44 54 55 33 39 37 55 42 55 53 45 48 58 47 33 39 41 50 56 37 39 49 43 40 42 50 36 33 50 46 49 33 42 42 41 50 38 37 57 48 51 52 59 45 40 32 39 45 41 47 56 57 39 44 57 58 39 52 48 54 56 50 54 42 35 49 33 60 44 42 50 36 57 48 42 43 43 44 58 39 54 50 55 58 50 43 57 51 33 59 41 48 49 57 48 51 42
34 23 16 17 25 18 28 25 27 24 25 22 25 23 20 27 16 24 24 23 25 18 20 20 25 24 24 24 26 26 20 18 28 22 28 24 20 21 22 19 30 27 17 22 23 25 22 18 19 28 25 21 22 18 16 28 29 19 26 22 21 21 16 22 19 25 25 22 17 17 21 19 29 18 17 29 30 21 28 19 24 18 27 24 18 25 29 26 22 17 17 26 21 20 25 23 26 25 28 16 26
35 28 25 24 32 27 32 28 27 32 32 35 32 35 26 27 33 24 29 35 43 24 25 33 29 28 38 37 29 32 41 29 31 39 38 38 44 38 30 38 40 29 41 25 39 37 44 27 38 41 37 39 37 39 25 30 33 42 39 29 32 39 26 41 36 41 27 36 28 32 43 26 37 40 43 38 39 26 28 27 29 36 43 37 43 37 39 37 35 31 28 39 37 39 35 29 37 41 39 38 41
36 37 29 31 49 46 45 53 46 50 40 30 36 37 35 32 53 40 53 41 38 38 50 40 30 47 39 31 32 33 43 35 46 48 32 46 46 53 38 51 37 40 53 34 49 34 38 50 48 36 45 31 44 39 48 41 52 42 35 50 38 44 53 42 43 44 33 38 46 50 30 35 45 46 43 42 38 34 40 38 46 40 34 37 44 29 31 44 37 42 52 47 53 41 32 51 32 47 31 33 35
37 42 30 53 51 46 44 48 55 41 41 34 41 34 47 55 37 51 42 40 39 36 35 41 54 49 36 56 53 51 55 54 33 50 41 43 46 45 42 40 41 56 46 40 45 36 42 53 54 45 38 33 48 38 40 52 54 41 35 45 49 36 34 55 40 42 39 33 45 54 45 45 51 40 32 45 31 34 30 43 47 41 52 32 46 34 42 40 38 48 33 36 36 50 53 53 54 35 42 45 50
38 16 16 17 11 13 14 12 17 17 12 11 15 18 10 15 14 11 16 15 13 14 16 17 13 14 12 17 12 14 12 12 12 18 11 16 14 17 12 16 10 13 13 17 17 15 11 14 18 10 16 11 18 16 16 18 13 13 13 18 12 15 10 15 11 13 16 18 16 17 10 13 17 14 13 17 12 11 15 12 11 14 18 18 12 12 14 17 16 17 16 16 12 11 17 15 11 15 16 18 13
39 26 30 27 30 23 31 35 22 21 26 38 22 22 28 27 34 36 37 24 27 25 26 21 30 36 30 24 28 26 33 29 24 23 32 26 26 21 37 35 21 37 27 35 21 27 25 25 21 37 28 25 21 30 28 23 30 30 25 28 34 21 37 26 31 22 34 35 37 25 28 24 35 37 38 23 30 24 33 22 32 37 31 25 26 26 25 29 24 35 20 29 31 25 27 34 23 33 23 24 29
40 48 51 52 33 34 53 50 40 39 43 38 54 51 54 48 35 38 40 38 50 38 41 31 47 36 49 48 36 39 48 43 38 38 52 33 50 32 53 35 41 46 30 44 35 33 30 30 43 41 31 34 41 40 38 47 45 47 38 50 35 41 31 52 34 49 49 50 31 34 33 31 54 36 33 40 31 52 39 50 52 32 54 35 46 39 41 40 42 33 43 46 34 44 38 43 37 35 30 52 31;
param maxIb: 1 :=
1 3.250000e+01
2 1.820000e+01
3 5.460000e+01
4 3.120000e+01
5 3.510000e+01
6 5.070000e+01
7 1.560000e+01
8 3.250000e+01
9 2.730000e+01
10 1.430000e+01
11 4.810000e+01
12 1.820000e+01
13 2.080000e+01
14 5.850000e+01
15 52
16 3.380000e+01
17 5.850000e+01
18 3.380000e+01
19 39
20 3.380000e+01
21 4.810000e+01
22 2.080000e+01
23 2.080000e+01
24 4.680000e+01
25 1.430000e+01
26 2.080000e+01
27 13
28 2.990000e+01
29 4.290000e+01
30 2.470000e+01
31 4.030000e+01
32 4.160000e+01
33 5.980000e+01
34 2.990000e+01
35 4.420000e+01
36 5.330000e+01
37 5.590000e+01
38 1.820000e+01
39 3.770000e+01
40 5.460000e+01;
param tempoe=0.000784;
