param nvertices=10; #numero de vertices
param ndemandas=40; #numero de demandas
param capacidadeij: 1 2 3 4 5 6 7 8 9 10 :=
 1 100 100 100 100 100 100 100 100 100 100
2 100 100 100 100 100 100 100 100 100 100
3 100 100 100 100 100 100 100 100 100 100
4 100 100 100 100 100 100 100 100 100 100
5 100 100 100 100 100 100 100 100 100 100
6 100 100 100 100 100 100 100 100 100 100
7 100 100 100 100 100 100 100 100 100 100
8 100 100 100 100 100 100 100 100 100 100
9 100 100 100 100 100 100 100 100 100 100
10 100 100 100 100 100 100 100 100 100 100; #Capacidade de banda de comunicacao de cada arco
param Adj: 1 2 3 4 5 6 7 8 9 10 := 
1 0 0 0 0 0 1 0 0 1 1
2 0 0 1 0 1 0 0 0 0 1
3 0 1 0 1 1 0 0 1 0 0
4 0 0 1 0 0 0 1 1 0 0
5 0 1 1 0 0 0 0 0 0 1
6 1 0 0 0 0 0 0 0 0 1
7 0 0 0 1 0 0 0 1 1 0
8 0 0 1 1 0 0 1 0 0 0
9 1 0 0 0 0 0 1 0 0 1
10 1 1 0 0 1 1 0 0 1 0;  #Matriz de adjacencia da topologia
param I: 1 2 3 :=
1 7.000000 1.000000 18.000000
2 2.000000 5.000000 19.000000
3 5.000000 1.000000 18.000000
4 10.000000 9.000000 14.000000
5 9.000000 10.000000 16.000000
6 5.000000 7.000000 16.000000
7 7.000000 5.000000 15.000000
8 3.000000 2.000000 10.000000
9 7.000000 5.000000 10.000000
10 10.000000 9.000000 16.000000
11 3.000000 6.000000 10.000000
12 7.000000 3.000000 15.000000
13 4.000000 8.000000 10.000000
14 5.000000 2.000000 15.000000
15 3.000000 5.000000 19.000000
16 9.000000 7.000000 18.000000
17 7.000000 2.000000 16.000000
18 3.000000 4.000000 13.000000
19 4.000000 7.000000 18.000000
20 8.000000 3.000000 18.000000
21 3.000000 9.000000 15.000000
22 2.000000 1.000000 18.000000
23 5.000000 6.000000 10.000000
24 9.000000 3.000000 12.000000
25 10.000000 1.000000 13.000000
26 9.000000 5.000000 17.000000
27 8.000000 5.000000 14.000000
28 3.000000 10.000000 11.000000
29 3.000000 4.000000 18.000000
30 10.000000 6.000000 11.000000
31 5.000000 7.000000 18.000000
32 2.000000 8.000000 14.000000
33 6.000000 2.000000 15.000000
34 10.000000 6.000000 10.000000
35 9.000000 3.000000 19.000000
36 2.000000 8.000000 10.000000
37 8.000000 6.000000 16.000000
38 2.000000 8.000000 17.000000
39 1.000000 4.000000 14.000000
40 4.000000 2.000000 12.000000;
param Ib: 1 2 3 4 5 6 7 8 9 10 11 12 13 14 15 16 17 18 19 20 21 22 23 24 25 26 27 28 29 30 31 32 33 34 35 36 37 38 39 40 41 42 43 44 45 46 47 48 49 50 51 52 53 54 55 56 57 58 59 60 61 62 63 64 65 66 67 68 69 70 71 72 73 74 75 76 77 78 79 80 81 82 83 84 85 86 87 88 89 90 91 92 93 94 95 96 97 98 99 100 :=
1 18 13 18 13 13 15 14 19 12 8 11 8 17 13 14 17 10 15 15 8 16 20 19 15 12 10 11 11 17 17 21 15 8 18 10 11 15 11 13 10 10 10 10 11 20 13 8 11 11 21 17 12 7 9 9 18 12 18 15 9 19 20 17 19 15 11 13 17 11 14 21 13 12 15 8 18 17 10 21 21 13 7 16 19 16 15 10 19 14 9 12 9 18 15 20 7 8 17 13 9
2 9 9 18 17 10 17 13 14 22 9 15 17 11 19 11 9 12 12 13 20 16 20 17 19 22 19 8 13 12 22 19 15 16 19 17 20 15 20 11 18 18 12 17 16 8 19 8 16 13 18 14 11 8 11 19 20 19 14 17 16 19 17 22 17 13 13 9 20 16 22 15 15 10 9 11 21 8 22 14 12 9 16 11 8 18 16 22 16 17 9 22 14 10 20 18 16 14 11 11 8
3 20 37 45 24 22 40 44 42 20 36 32 31 33 32 26 20 46 24 19 23 27 31 31 43 22 46 22 16 16 22 18 30 46 33 41 26 29 26 44 18 27 17 22 16 29 37 43 43 31 26 45 17 32 37 26 46 42 36 34 37 39 20 45 29 21 24 42 16 31 23 46 20 46 44 39 26 31 37 43 18 30 39 41 34 36 38 29 30 16 21 33 42 26 29 39 39 41 33 43 35
4 15 6 15 14 14 5 8 6 12 7 11 10 13 5 11 7 5 14 11 6 6 7 11 9 12 10 5 9 15 9 9 6 10 14 11 7 13 11 15 15 10 9 7 10 15 7 10 12 14 13 12 8 13 8 10 14 5 13 13 8 12 7 5 9 7 8 13 7 14 11 13 12 14 5 15 15 13 8 7 9 12 7 15 10 14 13 14 14 13 7 14 13 14 9 11 6 15 10 12 11
5 27 13 29 24 14 14 24 19 23 21 25 15 17 19 34 17 20 17 17 14 36 30 30 33 28 14 27 32 29 24 33 32 32 16 26 15 15 28 15 13 20 21 23 20 22 31 25 23 12 21 29 26 17 18 31 28 18 18 30 13 33 22 31 23 33 17 27 16 31 21 25 25 20 29 13 30 23 33 17 20 15 17 27 30 15 20 32 13 33 29 24 30 15 19 23 20 28 35 30 29
6 25 19 27 15 27 11 19 25 19 20 27 14 13 21 30 22 18 18 22 21 11 26 29 24 27 17 14 20 27 22 26 19 18 27 25 30 26 20 18 16 25 28 21 29 15 11 14 23 20 15 13 20 22 28 23 10 11 19 20 10 10 13 16 17 24 11 22 19 30 17 14 17 24 12 27 29 19 25 27 17 22 17 24 13 19 19 21 14 17 21 20 21 18 19 24 22 28 23 28 26
7 26 16 13 19 11 12 14 25 20 19 18 14 19 13 24 19 20 19 21 17 31 14 24 29 13 28 17 14 27 31 17 14 32 22 17 29 12 13 18 30 18 21 25 27 25 11 20 13 25 28 19 19 29 25 18 26 11 18 24 28 32 22 26 21 25 11 13 27 25 25 13 19 20 14 26 16 17 21 20 16 18 17 17 11 19 22 25 17 16 18 23 11 20 14 27 31 26 13 11 25
8 27 37 22 58 30 46 52 56 24 44 47 59 58 32 24 41 29 38 49 32 29 34 57 30 42 31 55 44 36 50 60 53 58 55 43 34 60 23 54 54 32 25 53 29 35 21 24 57 23 36 57 29 50 45 59 43 42 34 45 49 52 26 36 32 44 45 30 40 27 46 34 43 55 36 32 58 57 26 25 23 46 60 46 37 31 26 54 53 59 60 48 52 23 53 57 30 47 35 48 37
9 30 33 34 27 31 22 27 28 19 15 32 30 24 33 21 17 12 30 15 18 18 25 25 13 34 16 20 32 32 13 25 19 18 21 19 13 17 26 32 23 22 15 29 14 15 31 33 14 32 15 15 31 13 23 19 14 26 33 19 23 28 15 20 32 21 25 20 28 17 12 13 22 30 19 22 16 19 20 12 32 18 12 21 27 24 17 33 34 21 30 15 32 16 23 29 30 20 27 13 24
10 70 29 38 50 55 37 63 69 42 50 29 41 54 32 56 63 51 40 33 41 26 40 35 43 35 70 42 65 44 35 39 35 46 46 49 56 38 46 33 48 48 43 26 29 32 47 33 26 60 35 53 25 65 59 57 58 56 46 50 45 56 52 57 50 61 62 56 41 66 30 37 66 39 40 36 62 50 50 65 43 70 35 65 51 36 56 34 29 63 44 63 66 64 63 52 27 47 26 27 45
11 33 15 17 38 34 41 27 23 34 29 17 42 27 28 17 24 15 35 40 40 19 38 17 18 19 32 38 23 26 29 15 34 14 15 26 29 35 38 16 19 25 27 22 27 29 31 16 32 39 33 22 37 33 16 33 17 27 15 23 28 30 19 28 41 38 27 41 30 32 23 24 28 33 19 31 33 30 38 15 35 40 33 26 31 21 32 32 38 26 39 37 39 26 18 38 25 17 41 25 36
12 59 43 24 55 23 36 44 47 37 56 48 48 25 30 55 25 31 23 31 34 22 44 54 31 25 28 22 58 54 42 48 60 48 25 35 54 49 45 35 56 41 27 54 33 24 25 53 56 26 43 58 60 50 38 31 36 60 47 61 30 38 34 31 25 47 52 26 46 55 25 22 36 61 38 31 51 60 51 53 23 34 60 21 40 57 39 24 33 56 46 55 56 36 22 35 34 41 21 37 61
13 30 37 42 26 27 36 22 41 29 17 31 22 47 36 45 38 19 30 34 42 47 25 41 35 21 36 38 42 25 45 33 36 36 36 30 46 40 40 30 22 37 25 21 48 37 32 48 37 21 45 19 46 21 17 46 20 29 39 38 45 44 22 34 32 22 17 30 21 49 31 27 44 48 34 46 41 28 37 36 40 25 23 32 24 17 34 21 42 33 27 33 27 46 33 35 24 36 47 33 27
14 56 36 22 61 22 29 50 35 52 36 47 37 34 23 27 28 40 44 27 42 43 56 37 56 45 42 42 31 59 41 34 40 59 54 42 27 37 33 36 43 29 31 42 26 48 28 27 25 23 49 54 30 23 36 29 42 23 30 25 60 58 35 39 49 32 58 43 57 30 41 24 61 57 23 38 39 46 24 42 43 59 22 26 28 22 22 37 57 21 43 27 45 37 57 61 29 22 60 23 25
15 9 7 10 6 14 7 10 15 6 16 14 10 16 12 9 10 16 13 16 8 8 13 16 11 16 10 6 13 15 6 12 13 9 11 7 16 10 10 10 11 10 7 12 13 15 6 12 11 6 10 14 13 9 14 15 10 12 15 9 14 15 7 10 15 14 12 7 7 14 13 14 6 8 8 13 14 14 13 16 16 16 16 8 10 6 12 14 13 11 9 16 7 15 10 13 15 12 16 8 15
16 18 12 12 18 21 22 8 15 15 18 15 22 10 18 18 18 9 11 8 13 22 8 22 18 17 17 11 21 17 21 8 21 15 11 13 14 8 12 17 18 8 21 8 22 12 10 11 19 18 15 8 9 10 20 21 16 9 12 9 22 14 11 17 13 8 20 12 12 9 12 16 12 8 8 21 21 18 8 12 18 12 20 22 19 16 22 10 18 19 13 14 12 14 10 10 11 13 19 14 18
17 25 40 48 56 42 52 46 31 23 45 53 40 64 27 50 56 48 61 63 57 41 58 29 58 62 32 47 52 34 42 28 48 59 48 61 26 26 57 60 28 37 25 42 45 61 61 23 58 52 58 22 55 39 33 38 42 57 53 27 55 53 56 52 41 54 24 32 50 43 47 24 28 44 51 32 51 63 28 42 41 40 51 45 41 47 43 51 50 54 30 26 47 25 25 43 52 35 46 27 24
18 48 57 29 27 31 60 31 30 62 53 27 30 24 27 23 34 61 21 26 51 29 50 39 30 38 25 48 32 24 60 53 47 45 43 49 40 42 27 39 30 29 61 43 30 58 23 24 22 51 53 60 45 52 22 31 24 33 29 46 26 37 54 61 61 41 36 34 57 35 58 29 37 46 27 45 30 50 22 43 43 25 38 26 24 45 27 40 58 34 49 46 52 51 22 35 48 62 54 49 39
19 26 23 25 10 19 12 17 13 17 19 11 29 30 16 11 24 21 25 11 14 28 13 15 26 18 17 27 21 19 26 20 16 12 12 18 16 22 19 14 26 16 24 22 13 13 12 11 19 18 25 16 26 27 27 27 18 27 27 11 23 27 19 28 27 26 14 29 26 15 28 11 30 11 13 19 10 25 26 19 17 19 24 22 17 22 14 22 27 24 11 22 22 12 14 16 22 12 13 19 11
20 18 16 9 24 19 21 11 23 15 21 9 18 9 14 23 14 16 17 20 9 11 25 11 13 17 19 9 24 22 13 20 22 19 19 12 18 9 22 25 22 9 15 18 24 23 20 21 10 10 18 23 14 16 21 19 18 12 25 19 16 22 24 10 20 19 24 18 23 9 16 21 16 18 24 13 24 25 11 12 24 18 15 24 25 9 22 15 18 23 14 18 19 24 21 16 17 17 15 19 18
21 58 33 59 66 37 67 40 34 29 55 50 41 30 37 37 61 68 47 34 58 24 68 66 39 29 60 36 49 24 40 46 24 56 46 42 36 39 61 56 54 46 47 54 26 31 55 48 51 62 67 41 26 68 58 46 69 57 24 61 65 67 41 68 50 40 43 52 25 27 58 38 64 32 31 35 54 43 23 61 61 49 40 36 51 35 47 29 50 49 32 65 66 27 56 58 49 40 25 66 41
22 55 22 47 43 22 23 36 59 31 51 40 48 49 40 57 32 49 22 47 32 23 42 26 48 30 57 32 55 54 50 45 26 37 28 21 55 25 31 27 37 57 42 25 45 36 55 40 39 28 50 25 30 32 34 40 20 50 27 37 38 31 36 41 24 31 27 30 38 21 58 39 56 32 50 37 57 33 26 54 34 31 26 30 35 34 41 54 42 27 29 25 33 44 53 35 38 40 44 25 59
23 23 24 19 19 34 35 29 36 40 36 36 38 23 39 36 38 20 27 36 28 26 31 29 38 41 24 18 18 21 28 24 23 41 29 27 30 25 26 29 24 37 29 31 23 32 18 21 26 40 36 24 29 20 17 38 39 37 17 38 29 31 31 22 37 33 17 22 31 33 25 24 22 21 18 40 23 38 30 40 17 18 25 35 31 38 27 26 21 30 15 36 34 29 17 39 19 38 30 31 24
24 28 27 23 12 16 10 18 14 28 11 20 14 14 18 14 17 19 19 18 17 22 27 11 15 28 16 27 11 20 10 26 18 13 16 20 13 23 25 25 15 16 24 26 25 24 13 15 16 21 12 28 28 14 11 21 11 17 15 22 27 23 13 19 20 17 10 18 19 18 13 28 26 22 19 11 20 13 19 25 21 14 12 19 22 25 24 18 13 16 19 27 17 11 20 15 25 16 23 16 25
25 56 50 33 60 56 43 66 63 51 52 60 70 30 63 24 33 29 59 64 30 34 68 29 35 68 60 43 28 28 27 41 48 44 57 69 58 43 32 66 35 51 35 48 35 35 63 46 66 28 61 38 40 46 35 35 24 42 53 25 58 46 25 60 56 43 48 32 36 67 25 27 62 40 61 55 62 59 54 31 27 55 56 67 63 53 60 52 70 61 64 41 31 60 58 59 36 70 47 37 67
26 23 27 14 13 26 39 21 14 33 17 35 15 19 39 22 19 23 15 21 25 18 37 23 16 35 26 19 35 18 27 21 18 23 27 16 34 38 14 25 27 39 33 30 20 29 19 27 36 33 19 17 28 31 16 35 25 25 32 33 15 22 31 18 23 27 38 35 29 14 21 32 22 21 30 22 14 27 37 30 30 30 37 23 37 20 18 35 29 31 33 21 25 16 18 20 18 19 19 25 19
27 13 11 20 16 14 9 22 8 11 9 21 18 16 21 8 16 14 15 15 8 10 8 17 18 16 19 18 11 10 14 9 18 19 22 16 9 16 14 11 15 19 17 13 15 10 8 21 9 11 18 8 14 15 19 15 18 8 15 22 21 15 19 12 18 9 17 8 17 19 15 20 14 22 11 22 19 9 14 20 8 13 21 19 17 8 11 17 13 21 22 17 20 14 12 9 14 16 20 16 12
28 25 33 58 55 29 45 49 53 58 32 28 49 28 59 38 37 35 62 31 44 38 61 38 35 28 56 46 43 26 45 24 24 45 36 28 45 37 23 22 39 29 46 53 47 28 38 55 59 47 47 33 47 48 50 51 43 33 32 43 36 51 22 40 31 34 37 37 52 52 21 37 58 49 51 57 49 61 52 23 21 46 30 32 32 53 46 40 51 25 32 34 44 36 35 33 58 42 22 50 37
29 20 19 15 29 31 31 29 29 27 27 31 13 16 24 26 22 27 15 12 21 24 19 25 22 25 14 28 16 19 30 12 22 26 12 27 15 11 21 31 14 19 21 30 27 24 31 14 30 26 31 24 12 20 27 21 24 23 19 26 20 19 30 30 11 18 20 18 13 15 25 27 17 24 13 29 19 28 25 13 22 20 27 23 21 30 25 15 20 26 27 20 28 15 30 31 24 28 23 22 14
30 25 15 28 39 31 31 40 34 19 17 17 22 40 18 34 25 23 31 35 15 26 31 17 39 38 34 23 14 23 30 18 40 25 40 36 34 29 39 37 32 31 27 22 28 27 31 35 25 21 40 14 31 16 37 20 31 31 16 15 32 33 18 40 16 15 23 33 33 36 25 32 27 23 15 34 36 16 33 35 32 35 33 35 14 17 23 28 38 37 17 34 15 25 17 27 19 15 24 14 28
31 33 29 12 21 34 13 29 29 13 29 32 25 32 25 26 32 16 28 34 30 33 34 17 32 22 25 32 14 13 20 32 26 34 17 27 32 13 28 24 27 24 12 33 21 28 21 31 19 21 20 19 14 14 24 19 32 23 29 24 12 21 18 21 20 28 33 16 27 30 18 27 32 15 34 34 31 23 16 22 27 22 18 21 26 15 32 23 31 25 24 12 32 27 14 33 22 33 18 29 18
32 27 31 33 51 59 33 40 24 46 48 64 56 24 36 67 37 24 56 60 47 43 36 65 56 53 67 33 57 29 54 64 39 47 58 42 37 56 42 68 59 67 67 68 59 40 66 31 30 34 42 70 42 46 61 25 50 24 37 25 50 51 36 32 36 69 43 39 40 70 66 37 41 38 42 52 29 67 49 65 58 65 51 51 43 51 30 69 66 37 61 49 30 45 31 70 55 39 68 65 38
33 42 40 40 20 42 37 17 33 41 29 17 37 22 30 40 31 27 34 17 38 28 26 19 33 35 26 15 31 26 19 29 40 39 43 26 31 41 23 20 34 39 16 36 36 22 21 42 39 37 21 20 18 39 25 28 34 32 33 20 43 26 15 32 38 16 29 25 22 16 31 22 37 24 29 33 27 18 29 33 27 28 30 41 21 26 25 39 22 21 36 15 18 38 26 22 33 20 16 30 27
34 51 51 26 30 30 37 40 48 56 53 42 54 56 55 45 28 36 29 55 44 36 33 39 39 45 40 43 37 43 39 27 53 32 45 28 55 39 53 29 46 27 37 33 28 30 53 27 30 51 28 40 57 23 23 41 35 45 31 35 50 31 53 33 36 20 33 36 34 44 42 54 46 21 25 25 43 29 26 44 34 53 39 41 56 47 52 43 53 47 56 29 51 24 53 19 37 46 35 47 35
35 19 29 19 24 24 22 24 15 16 21 23 22 14 18 11 24 13 13 30 19 16 20 24 21 31 20 23 16 13 18 26 13 23 15 30 28 19 32 27 23 24 20 13 25 21 16 27 23 17 26 13 19 33 27 24 19 12 30 15 26 15 30 30 19 32 24 23 31 21 16 15 29 22 21 20 14 20 19 14 30 16 25 26 23 17 25 14 24 23 27 14 20 29 24 28 17 12 17 25 15
36 42 28 29 51 28 22 27 33 30 47 48 52 38 44 49 35 24 43 47 38 40 42 29 42 33 44 31 29 51 38 18 52 45 43 26 36 32 37 38 44 27 46 41 45 38 52 22 46 37 27 27 48 41 38 24 37 25 39 44 48 33 48 33 45 29 18 30 21 26 21 52 28 30 24 47 51 26 19 26 50 24 36 37 21 25 51 26 21 38 21 41 36 37 52 27 35 47 38 45 50
37 57 50 33 51 51 48 51 53 59 51 44 23 62 53 52 55 68 44 52 31 25 35 48 56 23 50 26 37 68 42 55 52 31 34 61 63 34 63 27 60 55 34 48 58 36 31 58 67 47 50 57 25 56 35 32 40 63 66 28 50 42 24 54 30 45 43 44 38 52 49 44 38 47 26 56 42 34 38 38 37 29 60 38 69 44 26 49 52 39 35 31 59 29 43 39 64 60 28 40 51
38 31 54 31 57 62 48 45 53 29 39 58 35 28 37 63 40 63 53 44 46 59 66 47 50 33 36 50 59 37 60 66 33 61 52 58 28 64 27 67 48 60 60 32 65 48 64 25 66 42 28 23 25 56 66 46 32 26 34 36 56 40 58 67 25 49 26 57 37 26 67 46 43 65 29 32 42 28 37 35 45 49 26 42 67 44 35 34 42 63 23 41 67 53 31 42 37 59 44 55 32
39 22 30 38 42 28 25 26 39 25 37 28 28 23 30 26 42 30 45 22 24 19 40 45 22 35 46 37 33 29 26 45 25 18 26 17 42 36 21 34 20 42 40 36 42 24 19 36 26 39 26 21 44 24 18 46 34 32 32 38 18 34 30 28 33 22 23 42 25 41 39 33 38 46 31 37 47 46 46 22 30 27 47 20 17 29 28 31 39 22 26 29 29 39 24 22 24 26 41 32 45
40 17 39 16 26 23 34 39 38 29 28 28 22 36 26 29 42 39 21 31 19 38 19 40 34 23 15 35 34 20 40 38 18 17 20 35 22 21 22 17 19 28 19 23 15 19 25 28 25 25 36 36 35 34 38 36 31 17 31 27 19 32 41 39 16 33 22 33 20 26 31 31 17 39 27 25 19 40 33 25 37 30 19 32 32 38 33 40 35 25 35 31 34 31 41 32 24 23 24 42 37;
param maxIb: 1 :=
1 21
2 2.250000e+01
3 4.650000e+01
4 15
5 36
6 30
7 33
8 6.150000e+01
9 3.450000e+01
10 7.050000e+01
11 42
12 6.150000e+01
13 4.950000e+01
14 6.150000e+01
15 1.650000e+01
16 2.250000e+01
17 6.450000e+01
18 63
19 30
20 2.550000e+01
21 69
22 60
23 42
24 2.850000e+01
25 7.050000e+01
26 39
27 2.250000e+01
28 63
29 3.150000e+01
30 4.050000e+01
31 3.450000e+01
32 7.050000e+01
33 4.350000e+01
34 57
35 33
36 5.250000e+01
37 69
38 6.750000e+01
39 48
40 42;
param tempoe=0.000579;
