param nvertices=10; #numero de vertices
param ndemandas=40; #numero de demandas
param capacidadeij: 1 2 3 4 5 6 7 8 9 10 :=
 1 100 100 100 100 100 100 100 100 100 100
2 100 100 100 100 100 100 100 100 100 100
3 100 100 100 100 100 100 100 100 100 100
4 100 100 100 100 100 100 100 100 100 100
5 100 100 100 100 100 100 100 100 100 100
6 100 100 100 100 100 100 100 100 100 100
7 100 100 100 100 100 100 100 100 100 100
8 100 100 100 100 100 100 100 100 100 100
9 100 100 100 100 100 100 100 100 100 100
10 100 100 100 100 100 100 100 100 100 100; #Capacidade de banda de comunicacao de cada arco
param Adj: 1 2 3 4 5 6 7 8 9 10 := 
1 0 0 1 0 0 1 1 1 0 1
2 0 0 0 1 1 0 1 0 1 1
3 1 0 0 1 0 1 1 0 0 1
4 0 1 1 0 0 0 1 0 0 0
5 0 1 0 0 0 0 0 0 1 1
6 1 0 1 0 0 0 0 1 0 1
7 1 1 1 1 0 0 0 0 0 0
8 1 0 0 0 0 1 0 0 0 1
9 0 1 0 0 1 0 0 0 0 0
10 1 1 1 0 1 1 0 1 0 0;  #Matriz de adjacencia da topologia
param I: 1 2 3 :=
1 3.000000 7.000000 15.000000
2 6.000000 4.000000 16.000000
3 8.000000 3.000000 11.000000
4 9.000000 10.000000 19.000000
5 3.000000 9.000000 13.000000
6 10.000000 6.000000 16.000000
7 10.000000 2.000000 14.000000
8 1.000000 5.000000 10.000000
9 1.000000 3.000000 15.000000
10 1.000000 10.000000 17.000000
11 8.000000 2.000000 10.000000
12 4.000000 6.000000 10.000000
13 10.000000 6.000000 19.000000
14 3.000000 7.000000 14.000000
15 1.000000 8.000000 15.000000
16 8.000000 1.000000 11.000000
17 10.000000 5.000000 15.000000
18 7.000000 2.000000 17.000000
19 5.000000 7.000000 13.000000
20 9.000000 7.000000 15.000000
21 5.000000 1.000000 15.000000
22 9.000000 7.000000 11.000000
23 8.000000 5.000000 16.000000
24 10.000000 5.000000 13.000000
25 1.000000 7.000000 15.000000
26 9.000000 1.000000 11.000000
27 1.000000 2.000000 12.000000
28 9.000000 6.000000 14.000000
29 4.000000 6.000000 12.000000
30 2.000000 5.000000 18.000000
31 1.000000 8.000000 12.000000
32 4.000000 1.000000 15.000000
33 2.000000 4.000000 19.000000
34 10.000000 6.000000 12.000000
35 3.000000 2.000000 10.000000
36 10.000000 5.000000 17.000000
37 1.000000 6.000000 12.000000
38 8.000000 3.000000 12.000000
39 10.000000 8.000000 14.000000
40 6.000000 1.000000 10.000000;
param Ib: 1 2 3 4 5 6 7 8 9 10 11 12 13 14 15 16 17 18 19 20 21 22 23 24 25 26 27 28 29 30 31 32 33 34 35 36 37 38 39 40 41 42 43 44 45 46 47 48 49 50 51 52 53 54 55 56 57 58 59 60 61 62 63 64 65 66 67 68 69 70 71 72 73 74 75 76 77 78 79 80 81 82 83 84 85 86 87 88 89 90 91 92 93 94 95 96 97 98 99 100 :=
1 12 9 19 8 19 8 9 9 17 15 18 14 20 12 8 17 17 19 20 8 14 18 16 18 15 15 17 12 20 22 10 9 8 17 8 14 8 19 12 13 15 21 16 14 22 17 8 20 22 11 8 8 20 8 22 20 17 8 12 10 17 10 8 13 10 12 9 22 19 16 13 21 22 19 22 15 11 21 10 22 22 19 21 9 22 14 19 8 10 14 9 15 9 13 20 17 12 20 16 16
2 9 22 21 10 21 24 19 22 24 17 22 13 11 15 12 23 19 20 25 20 13 11 18 15 21 13 19 9 13 11 23 24 17 11 23 11 17 23 15 21 25 9 12 20 20 14 18 15 16 19 21 12 15 13 16 25 18 20 17 18 25 20 17 19 13 20 25 13 19 24 23 20 22 18 18 18 13 19 24 15 22 18 13 18 13 11 13 22 22 17 18 13 17 21 15 15 10 21 17 18
3 17 27 28 22 20 37 17 25 35 43 31 24 42 21 30 33 37 45 35 23 40 19 25 40 28 44 36 42 30 33 42 17 17 19 27 20 43 26 38 30 29 44 21 24 27 19 35 20 31 34 26 39 24 16 35 17 30 27 28 44 30 26 17 37 30 42 35 45 31 40 16 27 19 31 24 23 21 28 30 16 27 17 28 34 37 39 15 36 21 17 23 38 32 43 31 45 37 30 25 17
4 51 53 37 27 19 37 33 26 33 46 32 35 21 38 20 18 25 45 40 25 45 25 32 20 48 25 19 45 50 24 29 40 29 37 30 24 37 39 36 24 23 39 47 20 54 43 35 41 43 37 22 22 53 50 19 27 46 47 40 43 47 36 51 49 33 32 29 20 21 41 44 40 30 50 39 32 32 23 35 23 21 23 45 22 44 32 19 20 35 29 45 49 49 43 38 27 47 48 26 22
5 45 56 29 54 40 26 67 63 45 57 49 39 44 31 53 36 29 46 62 43 62 25 31 61 31 39 66 49 64 50 64 61 54 66 36 25 35 48 68 44 25 51 55 35 24 41 27 65 55 48 68 29 59 65 54 29 59 28 31 51 37 63 49 51 58 65 36 45 54 49 42 27 46 50 41 47 32 53 52 33 31 41 53 55 26 24 32 34 48 50 52 38 46 42 55 60 39 64 25 27
6 25 24 25 31 29 21 15 20 20 18 31 16 18 21 14 15 15 14 27 12 14 26 26 29 11 33 28 26 12 21 16 19 33 24 27 32 25 16 14 11 27 25 33 12 29 31 19 12 14 22 20 32 17 24 28 31 17 23 29 31 31 12 20 19 26 15 26 24 21 14 18 16 12 26 29 25 31 27 29 21 21 20 30 14 15 22 22 14 18 31 25 30 18 30 30 17 13 12 17 26
7 19 15 22 14 26 11 19 11 10 19 11 28 20 25 28 21 18 28 10 21 18 11 26 26 14 20 13 23 18 18 13 18 21 28 11 23 20 21 25 17 22 21 16 26 14 17 10 17 11 21 11 11 22 25 17 15 17 25 25 19 22 19 23 11 27 26 20 27 21 17 18 22 17 18 14 23 26 28 16 22 27 22 11 27 23 19 10 11 14 21 26 16 10 11 27 22 24 21 21 19
8 41 27 21 38 38 37 38 19 16 22 36 23 40 38 41 21 26 29 30 23 23 32 40 37 35 39 30 31 19 31 22 15 16 29 31 35 28 27 23 35 36 30 40 35 23 20 28 27 39 41 24 24 33 14 19 14 28 23 16 38 37 15 38 26 39 24 41 38 18 19 24 36 21 20 35 19 24 17 38 30 41 30 38 32 21 15 33 36 15 31 29 35 39 31 21 35 22 17 40 34
9 15 26 25 22 16 20 14 20 26 32 14 20 23 15 29 13 27 15 13 21 11 22 18 23 20 31 14 31 19 30 21 26 17 32 31 19 15 24 24 16 18 27 31 18 17 29 24 29 12 25 17 18 28 32 14 27 12 22 23 28 27 20 24 13 32 22 32 17 33 25 32 32 17 31 13 18 31 19 31 20 13 23 29 30 18 15 12 16 27 26 27 32 32 30 16 16 20 23 13 17
10 37 46 52 63 39 41 55 61 35 47 48 41 53 40 55 27 33 59 28 47 42 48 34 59 26 36 49 47 29 59 66 56 24 23 33 51 54 47 32 26 55 24 66 30 45 60 36 62 26 35 30 44 49 33 58 52 46 48 52 66 47 44 45 60 36 23 54 42 25 29 53 55 41 64 36 45 26 62 66 24 64 47 31 40 57 43 35 59 24 27 29 32 45 64 64 25 58 23 48 53
11 25 25 29 52 48 22 33 35 27 20 24 37 20 30 28 18 47 43 50 51 49 42 48 28 33 25 39 20 51 30 44 29 23 48 47 32 48 44 52 51 30 18 43 41 24 39 51 28 47 46 50 36 38 34 44 28 28 32 18 48 30 24 43 46 26 36 43 30 45 27 28 20 25 45 36 23 39 29 41 33 37 34 35 51 22 23 35 25 24 50 52 37 48 26 25 20 39 41 42 25
12 58 73 68 32 71 26 73 54 40 47 72 40 55 31 73 43 28 34 73 37 57 38 66 34 73 34 37 64 42 36 26 34 69 40 41 33 45 55 46 25 47 41 62 54 31 26 36 26 32 25 27 54 64 72 54 39 70 70 61 43 51 33 37 40 51 54 68 25 38 37 53 59 69 33 39 57 25 66 29 48 45 58 46 32 30 71 32 48 50 47 37 65 52 59 39 56 31 29 72 39
13 15 28 21 24 26 19 23 17 21 24 24 14 15 28 26 17 30 17 22 26 28 21 15 28 27 21 16 14 20 32 13 31 21 15 12 26 30 11 24 22 18 19 22 25 21 23 15 15 19 17 13 19 24 15 14 23 14 25 26 33 29 33 12 11 28 20 19 23 22 21 13 30 11 29 13 23 32 30 18 17 31 17 25 23 21 24 30 23 15 11 33 23 20 19 23 21 24 24 18 32
14 18 12 7 14 10 8 12 16 15 13 8 16 17 17 9 11 16 11 15 17 14 11 11 10 18 8 10 8 12 11 17 15 7 16 11 14 14 15 14 18 9 10 17 18 8 13 10 9 9 7 11 8 17 15 9 12 12 13 8 17 15 18 13 15 11 12 16 6 17 15 8 6 9 16 7 7 11 6 9 13 8 17 10 14 15 8 16 10 9 7 15 17 16 15 7 11 16 11 15 14
15 8 14 16 21 16 19 16 10 18 13 17 13 13 14 13 16 22 8 9 14 11 17 8 15 12 18 12 11 17 8 17 21 15 10 11 21 22 21 17 12 15 8 15 13 18 20 15 14 21 18 21 17 10 15 8 15 9 16 16 18 12 9 19 18 18 21 14 9 18 19 21 8 11 12 18 20 9 16 8 8 20 20 16 12 18 14 12 10 12 20 12 11 10 15 8 21 16 10 11 9
16 18 7 20 11 8 9 18 15 10 18 10 13 11 11 13 10 19 21 18 17 11 15 7 18 11 21 17 15 20 18 14 9 8 7 12 20 7 18 15 19 12 8 19 12 14 11 13 21 18 10 13 17 8 8 16 12 7 20 15 16 21 12 14 11 16 15 18 11 13 20 12 12 20 13 14 17 15 11 17 17 16 15 19 15 10 11 15 15 17 17 11 17 8 12 13 14 16 16 12 12
17 59 61 69 26 60 69 45 31 35 66 59 45 62 46 29 60 70 47 62 46 60 39 38 45 65 58 68 33 46 29 52 67 25 38 47 60 40 54 52 70 68 72 40 35 34 29 58 60 67 64 51 30 43 49 50 29 58 33 34 43 34 36 33 49 43 28 39 70 71 29 27 66 38 56 33 69 54 48 35 66 41 54 24 62 51 60 27 25 46 71 66 34 36 44 35 67 39 71 30 65
18 15 36 31 17 17 31 21 18 38 17 22 27 37 25 26 30 22 27 40 26 20 16 15 23 31 19 38 22 22 27 23 40 39 36 30 39 42 15 28 39 15 17 27 29 17 18 15 39 21 36 19 20 30 14 18 25 25 38 29 34 16 17 25 24 18 31 37 23 30 17 33 14 30 19 30 27 33 39 21 27 37 21 14 18 37 40 26 18 20 34 16 23 36 28 26 26 17 17 21 22
19 19 37 25 17 43 21 32 18 15 18 30 40 25 34 42 41 33 35 15 23 16 41 34 18 33 20 20 40 27 23 22 39 43 18 16 31 33 17 21 40 33 34 34 32 43 19 22 36 19 32 39 24 29 38 19 17 28 38 26 16 23 41 21 27 23 28 20 32 42 26 24 36 25 21 26 41 32 41 42 17 16 25 42 20 32 21 32 15 35 28 37 21 28 16 40 31 24 20 21 30
20 69 61 51 49 44 53 65 67 44 25 56 40 44 35 32 40 25 55 43 24 26 43 57 24 52 30 52 36 28 30 69 47 34 64 29 33 30 54 54 47 69 24 24 59 28 44 32 28 66 40 62 65 31 44 47 41 56 64 30 60 37 57 35 36 31 63 52 64 32 51 43 46 63 34 41 42 28 56 59 48 43 30 49 57 30 48 58 49 30 59 33 52 33 55 35 50 59 29 64 53
21 25 22 31 43 45 49 25 35 24 46 19 30 30 42 48 29 42 30 25 37 20 26 43 43 46 23 22 46 40 24 35 17 32 30 19 22 34 38 23 38 43 42 23 31 23 35 46 49 40 40 36 49 18 19 32 37 21 34 46 26 18 25 24 37 46 19 27 46 49 42 45 36 26 23 25 32 42 33 23 37 27 25 27 44 48 37 32 31 29 25 23 49 38 20 33 30 18 41 27 23
22 38 31 41 37 20 27 54 37 28 25 25 39 20 29 33 25 50 29 36 26 39 28 21 50 19 28 21 18 26 29 26 28 21 20 27 44 41 24 46 39 50 27 44 51 29 37 25 51 37 30 30 35 42 50 44 54 30 23 44 19 22 53 39 40 45 53 18 24 30 36 41 51 50 18 51 35 41 38 40 53 27 35 52 40 54 30 23 27 21 48 28 23 21 38 31 23 25 21 31 28
23 9 14 22 19 22 15 26 11 10 24 11 25 18 18 9 9 22 26 9 23 20 19 10 23 26 24 25 18 21 25 10 16 17 20 19 21 11 17 9 24 17 22 18 20 26 18 23 17 9 25 15 26 19 19 15 14 18 21 13 11 24 12 21 12 26 19 17 25 26 26 16 17 10 25 24 11 11 9 18 11 22 24 17 26 15 17 12 20 20 23 18 17 26 22 22 27 26 12 26 12
24 16 22 21 29 25 26 28 28 26 13 12 18 30 26 15 29 11 17 22 21 30 12 19 25 13 13 12 21 28 15 27 25 11 14 30 31 12 17 24 21 21 20 29 28 23 31 14 29 24 25 15 16 12 23 31 14 11 29 29 19 15 21 16 26 28 15 16 25 31 20 29 21 18 26 16 31 21 31 28 11 21 29 12 25 24 29 22 29 15 21 30 13 20 15 12 25 18 28 30 30
25 18 19 11 24 21 20 22 11 20 31 30 25 23 19 14 18 26 14 13 16 11 21 19 16 24 23 23 14 27 31 11 19 28 18 27 17 22 22 23 14 13 24 14 28 22 25 14 14 25 21 27 30 22 15 13 29 14 18 11 14 24 30 25 31 13 26 16 28 29 22 16 27 14 30 28 21 25 25 16 14 28 18 31 12 22 22 15 27 12 27 31 12 20 29 21 12 12 22 14 26
26 27 34 33 33 35 28 32 26 32 34 24 12 25 23 23 31 25 19 26 28 19 31 17 13 16 14 17 26 21 31 34 30 23 30 30 14 23 20 29 18 13 24 35 16 26 29 36 15 25 33 16 28 21 30 24 31 23 35 15 33 28 18 24 22 36 17 36 30 26 19 33 32 19 34 22 30 32 20 14 19 19 16 15 31 32 17 21 22 19 28 28 35 19 23 15 24 26 32 26 23
27 51 39 48 62 43 29 28 25 26 42 43 35 32 60 41 27 23 48 57 39 43 55 38 34 36 51 63 62 25 27 48 23 48 47 32 22 25 42 58 46 23 38 24 56 42 38 49 59 34 26 55 62 50 60 28 47 54 59 33 39 46 32 62 25 34 22 42 23 63 38 47 49 29 44 36 52 52 63 48 58 51 22 33 36 43 31 61 55 43 48 40 27 25 35 24 58 54 39 40 27
28 47 47 49 35 31 31 46 69 51 32 29 33 37 32 64 57 53 68 24 68 62 29 49 42 55 54 49 33 41 31 35 67 62 67 41 64 52 67 67 27 42 42 32 53 42 28 68 31 48 32 61 48 27 60 47 65 25 48 31 29 43 53 60 51 43 52 60 29 62 29 27 47 51 27 70 46 68 48 29 46 54 70 49 24 60 56 43 37 58 54 26 46 68 58 47 44 64 59 31 62
29 59 45 34 29 32 34 56 34 56 48 33 49 41 31 58 50 42 26 60 53 24 25 57 33 53 34 21 57 34 58 50 30 44 29 25 24 28 35 38 52 30 43 46 40 45 22 20 50 46 23 41 29 41 28 48 53 36 41 49 32 59 55 38 34 51 45 59 56 33 45 26 56 57 59 24 34 59 49 48 51 29 28 39 28 50 48 43 35 45 25 55 23 22 29 45 51 23 38 52 53
30 27 55 50 57 30 64 22 62 51 52 49 57 47 57 45 23 64 52 54 38 46 63 37 57 54 40 38 28 61 53 37 59 52 44 42 53 53 48 53 52 34 40 43 58 32 56 32 63 22 62 39 30 59 53 22 49 51 46 42 40 45 64 41 24 44 39 59 50 53 30 50 39 33 45 57 24 57 23 43 32 23 47 28 48 45 60 33 46 47 35 24 29 47 61 34 40 62 36 44 59
31 26 19 25 43 18 41 34 31 18 17 45 46 26 36 31 24 31 47 30 35 46 24 33 31 30 46 34 33 22 25 32 32 17 35 46 28 33 23 41 20 24 30 27 36 22 30 29 35 33 44 45 48 30 31 19 42 18 46 37 25 45 35 41 46 27 23 34 47 45 21 39 44 25 30 27 35 24 46 48 23 27 42 39 33 45 32 17 39 45 33 41 35 16 21 38 32 37 37 39 18
32 22 43 35 19 38 39 30 23 22 43 19 39 22 23 19 22 32 19 32 20 15 23 28 22 21 35 24 15 33 34 26 16 17 33 19 33 17 42 36 30 39 40 34 17 32 20 28 37 26 16 41 30 24 32 41 27 19 43 18 16 16 29 15 41 30 41 31 25 16 40 17 36 28 23 40 42 18 34 25 32 28 24 24 27 21 24 29 39 24 24 24 41 39 34 37 15 21 37 17 17
33 52 22 62 54 51 34 50 52 24 42 25 33 34 33 24 45 26 56 26 62 34 52 52 51 46 56 48 24 52 29 25 41 31 63 31 62 57 44 38 44 31 22 29 57 43 31 39 28 55 48 40 50 34 35 56 28 61 56 21 45 37 34 59 23 48 62 27 58 25 49 29 28 58 25 25 28 32 55 44 22 47 57 45 50 51 44 22 44 57 53 39 45 49 35 31 36 60 62 23 30
34 58 61 54 59 47 66 25 68 54 65 36 31 50 49 52 68 58 62 26 27 50 64 35 47 32 47 46 37 60 65 64 61 32 38 68 66 48 51 54 67 49 41 56 63 26 59 38 41 48 51 30 44 64 32 26 68 50 59 43 61 62 25 48 60 58 64 59 62 61 38 43 50 59 29 46 63 33 32 37 48 53 63 64 30 29 25 46 65 64 51 47 62 60 50 61 43 52 50 60 39
35 46 28 30 21 38 27 22 40 35 31 22 22 47 30 26 36 46 38 34 57 30 48 28 53 28 38 35 23 46 36 43 51 23 45 32 51 50 25 26 43 34 44 34 20 58 57 45 43 26 48 46 39 20 41 56 45 51 54 56 57 45 43 52 49 48 38 50 24 43 45 37 56 20 26 57 20 38 53 27 33 45 54 21 47 23 33 30 42 45 38 45 53 35 35 44 43 28 30 43 44
36 15 29 22 21 32 18 24 30 33 12 26 31 30 27 33 18 19 16 25 33 24 14 17 23 27 18 22 35 20 27 14 32 13 15 18 31 14 21 23 16 21 17 16 21 35 32 19 22 13 22 20 16 17 29 27 29 28 17 12 26 24 30 19 35 28 13 17 18 17 22 28 27 19 34 22 32 18 14 24 20 31 15 17 19 16 32 25 13 17 15 18 20 29 22 33 21 21 14 27 34
37 48 56 35 57 45 41 37 55 55 22 25 26 63 53 43 37 41 58 31 38 28 56 55 47 41 27 48 47 43 32 57 59 29 47 30 45 36 61 43 34 25 55 23 40 53 53 30 59 50 25 63 59 37 43 59 56 22 25 47 43 37 37 34 63 43 32 46 60 32 64 32 34 43 55 34 43 50 41 58 51 52 39 49 34 64 22 30 27 47 46 44 45 32 51 24 38 43 61 39 64
38 22 17 14 12 9 16 16 10 11 17 19 9 17 22 20 23 10 24 11 18 20 14 14 24 23 20 18 23 9 24 25 18 18 11 24 16 25 22 21 25 23 14 21 20 23 12 15 12 13 25 19 12 22 21 12 25 23 23 18 19 13 16 10 21 17 10 13 13 9 22 9 12 18 17 9 16 17 15 24 19 13 17 17 21 11 11 16 11 13 25 24 18 22 24 13 9 10 21 11 17
39 18 25 34 36 45 24 26 48 43 33 25 28 24 28 32 27 23 19 17 34 48 25 36 40 18 46 21 21 44 48 37 24 30 25 18 39 27 34 39 25 28 26 40 49 41 25 19 18 47 33 34 42 46 39 19 48 29 38 35 17 23 41 19 19 35 38 35 42 29 44 23 34 33 46 34 42 48 25 31 17 22 42 48 27 27 20 38 44 40 22 24 43 23 47 44 28 31 47 39 37
40 13 26 29 30 20 27 13 21 24 14 15 27 18 20 31 28 18 12 23 17 13 22 20 11 13 31 16 15 19 31 12 27 12 13 24 14 25 17 22 19 16 23 26 14 26 13 24 26 13 15 13 25 27 27 26 29 16 11 21 14 25 19 21 20 13 23 11 25 13 28 25 24 25 29 18 21 21 28 31 20 25 17 28 12 25 24 25 15 30 19 30 11 14 24 17 15 24 13 26 21;
param maxIb: 1 :=
1 23
2 26
3 45
4 54
5 69
6 33
7 29
8 42
9 33
10 68
11 53
12 74
13 33
14 18
15 23
16 21
17 72
18 42
19 44
20 71
21 50
22 54
23 27
24 32
25 32
26 36
27 63
28 71
29 60
30 65
31 48
32 44
33 63
34 69
35 59
36 36
37 65
38 26
39 50
40 32;
param tempoe=0.000650;
