param nvertices=10; #numero de vertices
param ndemandas=40; #numero de demandas
param capacidadeij: 1 2 3 4 5 6 7 8 9 10 :=
 1 100 100 100 100 100 100 100 100 100 100
2 100 100 100 100 100 100 100 100 100 100
3 100 100 100 100 100 100 100 100 100 100
4 100 100 100 100 100 100 100 100 100 100
5 100 100 100 100 100 100 100 100 100 100
6 100 100 100 100 100 100 100 100 100 100
7 100 100 100 100 100 100 100 100 100 100
8 100 100 100 100 100 100 100 100 100 100
9 100 100 100 100 100 100 100 100 100 100
10 100 100 100 100 100 100 100 100 100 100; #Capacidade de banda de comunicacao de cada arco
param Adj: 1 2 3 4 5 6 7 8 9 10 := 
1 0 0 1 0 0 1 1 1 0 1
2 0 0 0 1 1 0 1 0 1 1
3 1 0 0 1 0 1 1 0 0 1
4 0 1 1 0 0 0 1 0 0 0
5 0 1 0 0 0 0 0 0 1 1
6 1 0 1 0 0 0 0 1 0 1
7 1 1 1 1 0 0 0 0 0 0
8 1 0 0 0 0 1 0 0 0 1
9 0 1 0 0 1 0 0 0 0 0
10 1 1 1 0 1 1 0 1 0 0;  #Matriz de adjacencia da topologia
param I: 1 2 3 :=
1 2.000000 6.000000 18.000000
2 10.000000 8.000000 11.000000
3 9.000000 5.000000 19.000000
4 5.000000 3.000000 16.000000
5 8.000000 10.000000 15.000000
6 1.000000 5.000000 13.000000
7 9.000000 7.000000 12.000000
8 7.000000 1.000000 11.000000
9 7.000000 10.000000 14.000000
10 2.000000 3.000000 14.000000
11 9.000000 3.000000 12.000000
12 9.000000 10.000000 12.000000
13 6.000000 5.000000 14.000000
14 10.000000 5.000000 13.000000
15 1.000000 9.000000 15.000000
16 1.000000 7.000000 12.000000
17 1.000000 5.000000 17.000000
18 7.000000 10.000000 10.000000
19 4.000000 5.000000 18.000000
20 2.000000 10.000000 17.000000
21 7.000000 10.000000 18.000000
22 2.000000 1.000000 17.000000
23 3.000000 4.000000 16.000000
24 1.000000 4.000000 17.000000
25 7.000000 5.000000 14.000000
26 1.000000 7.000000 12.000000
27 7.000000 1.000000 17.000000
28 1.000000 7.000000 15.000000
29 8.000000 7.000000 15.000000
30 3.000000 2.000000 19.000000
31 1.000000 9.000000 12.000000
32 4.000000 9.000000 15.000000
33 6.000000 9.000000 13.000000
34 10.000000 2.000000 16.000000
35 1.000000 10.000000 11.000000
36 3.000000 2.000000 19.000000
37 1.000000 3.000000 17.000000
38 8.000000 3.000000 17.000000
39 8.000000 3.000000 15.000000
40 6.000000 2.000000 16.000000;
param Ib: 1 2 3 4 5 6 7 8 9 10 11 12 13 14 15 16 17 18 19 20 21 22 23 24 25 26 27 28 29 30 31 32 33 34 35 36 37 38 39 40 41 42 43 44 45 46 47 48 49 50 51 52 53 54 55 56 57 58 59 60 61 62 63 64 65 66 67 68 69 70 71 72 73 74 75 76 77 78 79 80 81 82 83 84 85 86 87 88 89 90 91 92 93 94 95 96 97 98 99 100 :=
1 42 56 47 57 57 55 57 40 45 44 48 58 50 41 41 37 53 45 38 51 43 55 57 46 32 45 35 37 39 48 33 53 56 49 35 45 42 43 47 45 38 43 32 43 32 34 54 37 32 32 41 56 57 39 50 41 57 52 56 51 53 41 33 37 53 38 51 34 50 38 58 56 36 37 40 54 43 37 58 47 37 42 37 32 41 52 54 33 32 53 57 50 44 36 48 48 54 39 54 57
2 26 25 35 29 35 29 29 32 32 26 32 31 28 23 24 26 27 29 35 24 33 25 37 37 22 36 36 23 39 35 26 28 32 22 37 29 35 39 22 29 28 33 30 38 24 35 33 30 38 38 27 32 29 23 27 31 24 33 34 31 36 26 32 25 33 27 23 23 27 28 27 35 23 38 35 32 28 26 27 23 33 34 34 25 25 34 37 27 23 31 30 39 28 25 22 29 35 33 28 26
3 28 32 22 27 25 31 35 31 21 36 35 20 22 24 34 32 23 20 22 36 26 30 27 25 26 28 33 25 36 29 31 27 22 29 31 31 25 31 32 25 27 30 21 32 23 24 26 27 25 28 29 22 28 32 22 31 31 28 28 22 30 34 35 21 35 23 22 22 34 33 28 28 22 26 25 27 32 21 33 21 31 29 24 29 29 31 32 34 27 24 20 22 29 24 20 31 34 29 31 20
4 24 24 36 32 34 34 34 34 21 35 26 31 29 24 35 36 35 36 23 36 30 35 25 30 31 26 28 23 28 29 26 30 21 24 32 25 30 24 21 24 28 34 35 22 30 24 30 31 21 35 27 29 22 31 23 34 34 26 29 37 36 37 35 23 21 24 22 33 24 28 34 30 24 33 22 30 29 22 35 30 23 32 36 24 23 26 33 36 22 26 29 30 36 26 34 24 37 22 32 37
5 41 35 37 27 31 39 24 32 24 35 26 26 33 35 27 37 34 28 23 36 40 27 29 34 26 37 37 38 39 39 36 24 36 23 29 34 26 40 32 34 28 24 38 35 32 38 23 40 33 24 28 37 40 42 32 39 24 40 32 41 32 33 26 33 34 24 29 32 28 25 24 37 34 27 29 30 37 34 31 26 31 41 32 30 35 31 37 26 33 34 32 25 27 29 27 40 33 35 29 33
6 11 13 15 11 19 17 12 11 14 17 16 13 18 17 16 17 18 19 18 15 19 15 15 11 12 18 15 11 16 14 16 16 11 14 12 19 13 12 16 18 13 17 14 11 15 18 19 14 11 11 13 15 18 15 19 15 17 12 14 15 18 14 13 14 12 16 11 17 16 11 13 17 13 12 19 18 12 15 12 14 14 19 11 16 11 14 16 17 11 19 15 18 13 15 19 17 17 13 18 13
7 35 38 28 29 37 43 44 42 30 30 47 40 41 43 44 30 33 34 35 27 34 47 29 34 34 42 34 39 27 48 47 39 33 48 34 44 43 31 27 42 48 28 41 34 38 37 31 29 30 43 45 35 36 28 28 38 27 29 38 41 45 29 26 44 27 27 31 37 46 38 33 37 38 30 42 37 46 41 28 32 37 35 28 39 36 36 47 37 30 45 33 42 42 43 34 45 41 28 47 26
8 33 33 26 47 45 30 34 34 46 38 38 32 40 26 45 42 34 27 38 33 47 40 44 42 43 40 46 44 45 34 32 26 39 37 45 28 41 35 41 27 42 26 41 38 43 38 37 25 30 27 33 41 26 36 32 40 27 40 28 32 37 28 35 28 37 40 39 42 36 34 32 46 28 46 36 33 34 39 38 33 45 30 32 33 27 38 28 32 38 30 32 39 29 32 27 36 29 41 26 36
9 47 39 41 43 44 38 52 44 28 48 49 38 44 44 34 41 41 51 35 29 30 51 32 40 51 51 50 50 42 46 36 41 37 42 49 35 33 35 47 41 41 46 37 48 43 30 43 50 33 36 44 50 30 30 42 30 41 40 49 49 41 48 34 28 43 38 46 41 48 28 38 48 34 28 28 43 29 48 45 31 37 29 50 52 41 47 37 49 48 29 45 46 46 41 40 52 35 42 40 51
10 18 27 17 17 24 26 18 19 18 17 16 23 15 22 18 18 23 16 22 19 18 28 26 18 19 23 16 27 19 17 24 19 28 17 22 17 26 16 23 17 22 28 21 16 23 22 25 23 20 20 27 21 19 23 17 27 16 18 28 27 23 20 20 17 21 21 26 23 23 24 24 26 17 24 26 16 19 24 16 23 24 28 22 20 27 22 24 25 21 27 19 28 21 24 17 26 24 19 21 18
11 30 21 22 28 20 23 24 31 29 28 28 21 29 29 28 18 26 32 32 20 29 26 27 30 28 32 32 20 30 27 26 31 28 33 20 18 27 20 33 33 23 25 22 20 24 33 22 30 19 29 31 32 24 30 30 33 23 22 30 29 29 18 26 24 19 32 21 29 33 25 20 27 24 19 22 19 28 23 23 28 21 32 29 20 27 18 30 25 23 26 26 33 23 20 26 27 27 24 28 25
12 27 28 29 26 24 24 25 28 24 24 21 17 28 17 24 17 29 18 30 24 21 17 17 19 29 18 22 21 28 29 20 23 18 19 16 29 27 29 28 26 20 24 21 21 28 23 27 19 17 17 23 21 22 18 21 24 26 21 20 21 28 18 24 21 21 22 25 19 27 17 26 16 21 27 16 22 26 26 29 26 25 23 17 29 24 16 17 26 29 30 27 30 24 25 21 29 26 28 18 25
13 57 53 33 44 52 48 34 58 41 35 41 55 39 38 33 35 33 39 52 51 47 58 39 41 44 50 55 49 48 54 50 56 53 59 40 35 46 37 57 35 33 42 41 41 54 35 58 52 44 53 53 46 56 52 46 47 49 53 37 44 55 54 48 38 37 50 35 46 42 53 36 55 48 39 35 35 52 49 45 45 56 52 57 32 32 46 37 39 41 57 59 58 38 51 35 42 44 51 56 51
14 10 15 15 11 15 15 10 9 11 9 10 13 11 14 12 9 13 13 15 10 9 16 12 12 15 13 13 13 10 11 12 15 14 9 14 12 14 14 12 9 14 12 11 12 12 10 8 16 15 12 9 11 11 12 12 13 9 10 12 11 12 12 9 13 10 11 12 12 9 15 9 13 14 14 14 10 12 15 10 12 10 11 9 15 15 11 9 13 10 10 14 13 12 10 10 14 14 11 15 13
15 11 11 12 13 12 14 10 9 12 8 11 11 8 10 12 14 13 11 14 9 10 10 9 10 12 12 11 13 9 14 11 11 9 14 9 11 13 10 11 8 12 11 10 14 9 9 14 12 12 11 11 13 10 10 11 11 13 10 13 12 10 9 12 9 10 12 14 11 11 10 9 8 13 13 13 10 8 10 14 8 12 12 13 14 12 12 14 10 9 8 8 11 13 14 13 9 10 14 12 12
16 33 31 28 23 28 23 33 29 23 23 28 28 32 30 20 20 28 21 26 28 23 27 21 26 32 28 19 20 20 30 22 21 23 28 25 28 28 22 26 32 19 33 26 26 24 26 21 23 32 25 21 21 34 24 28 19 30 30 18 32 21 30 34 22 22 18 22 25 25 25 20 29 24 21 26 25 26 25 26 30 31 24 27 32 33 22 29 20 29 32 33 29 31 24 21 32 25 18 24 26
17 29 30 31 33 24 27 37 27 34 25 40 32 25 23 31 28 37 34 32 22 24 28 34 34 27 24 36 26 38 26 28 30 36 29 40 34 27 34 36 36 28 34 33 26 38 26 27 35 27 40 37 30 35 38 28 27 30 36 40 36 22 38 26 23 35 28 22 28 22 28 30 31 32 34 28 26 36 29 34 34 27 39 24 29 27 31 36 31 23 38 34 24 28 30 35 27 25 23 39 35
18 17 17 21 18 17 18 17 29 17 20 23 22 25 27 29 29 18 29 24 30 25 26 25 18 21 21 17 17 28 20 29 19 20 29 27 28 22 20 27 25 25 23 30 20 19 25 23 18 18 28 17 26 20 22 19 18 28 20 27 23 28 19 23 17 27 21 18 16 26 25 19 27 20 29 20 19 20 26 24 27 18 19 24 17 25 28 17 19 29 18 29 21 25 19 30 29 29 25 20 22
19 16 27 24 23 25 18 16 24 21 18 26 27 22 15 18 16 20 17 25 15 17 22 23 24 27 22 17 17 23 26 22 26 23 22 19 27 20 25 27 17 16 25 26 27 16 18 18 25 18 25 15 22 22 16 22 22 22 21 25 17 21 19 27 19 21 20 17 19 23 19 16 20 17 18 22 18 22 21 20 22 16 25 25 21 20 16 19 20 18 15 16 23 22 18 21 22 22 16 19 18
20 22 38 32 34 37 23 27 29 25 35 33 24 31 36 27 35 37 25 37 27 34 39 25 37 24 33 31 24 32 25 23 36 32 28 25 23 37 35 33 35 31 25 35 29 34 35 27 27 25 33 26 38 30 24 25 35 32 24 37 22 22 30 28 24 26 34 32 31 35 28 34 30 23 24 37 29 26 27 33 39 37 26 31 32 31 31 31 35 39 27 37 27 22 31 31 27 24 38 29 36
21 22 20 15 18 19 19 17 14 14 19 14 19 19 13 19 17 20 15 15 14 21 20 16 21 13 14 13 15 17 17 17 13 18 17 13 21 16 21 22 15 16 22 16 14 20 14 13 21 17 20 16 13 18 12 16 12 17 17 20 18 18 18 12 18 12 21 17 18 12 12 18 17 18 17 20 16 17 21 18 14 17 18 18 18 15 21 17 22 18 21 17 22 19 15 17 22 17 12 13 16
22 34 47 31 52 34 38 33 42 42 33 41 41 42 54 34 51 33 40 52 45 34 38 46 41 53 54 36 44 44 45 34 30 42 33 39 52 43 54 30 46 38 34 45 45 42 55 42 37 45 32 37 32 32 40 47 35 31 43 31 48 53 32 31 45 43 34 43 40 43 49 32 39 51 55 45 48 48 45 52 40 43 31 42 31 39 41 42 38 37 40 34 48 32 39 49 48 47 50 34 36
23 19 20 21 13 14 16 15 14 20 22 23 19 13 17 21 15 16 23 21 23 23 18 20 23 22 18 13 13 19 21 21 22 15 18 18 15 22 22 21 13 17 19 21 15 22 16 23 15 15 13 17 22 18 16 21 14 23 22 13 14 15 19 15 17 15 18 15 15 16 14 22 23 16 20 22 23 15 18 14 13 17 22 18 22 21 16 18 19 23 20 14 20 14 15 20 15 18 21 18 19
24 23 24 16 23 17 20 22 19 15 21 15 21 15 14 16 21 15 19 21 13 18 20 18 22 24 19 18 23 23 23 21 19 22 21 15 22 17 21 22 14 21 14 14 14 22 19 16 17 14 19 20 22 13 15 23 20 19 24 16 19 24 19 15 22 18 18 22 16 16 19 23 14 15 16 14 23 14 16 23 24 21 22 17 16 19 16 14 18 17 20 16 14 23 14 14 16 15 23 22 20
25 28 38 42 26 42 27 26 46 38 32 28 39 29 31 37 28 47 26 36 34 31 35 42 29 35 39 31 39 25 33 32 27 32 40 39 33 45 34 42 39 29 26 30 34 41 26 29 34 34 47 43 42 36 35 28 31 45 42 41 30 37 36 28 26 35 36 42 45 30 45 36 44 33 41 29 36 28 41 43 34 29 39 32 30 33 28 46 44 44 41 39 38 40 43 30 45 45 31 31 29
26 56 43 51 49 36 48 35 44 55 41 36 44 33 33 56 46 31 40 56 41 52 42 33 35 51 46 36 48 33 53 35 39 42 53 40 52 40 33 37 41 46 53 42 53 44 52 45 51 47 43 40 50 45 42 45 40 40 54 54 45 51 34 48 40 49 48 38 55 38 45 51 34 42 33 52 55 39 32 54 44 32 34 32 52 53 38 31 40 48 40 32 35 42 54 53 51 42 53 39 45
27 10 11 8 10 8 10 13 13 14 14 12 14 10 8 14 12 11 10 13 10 14 13 12 10 8 11 11 11 13 13 10 14 13 12 13 8 13 8 12 8 13 11 9 13 10 14 13 8 11 11 10 9 10 13 11 12 13 13 10 13 11 12 14 11 13 8 9 14 10 9 12 8 13 11 11 11 13 12 8 13 13 11 14 14 14 13 14 13 8 13 13 13 8 12 12 12 10 14 13 12
28 20 22 24 23 24 16 17 20 19 24 15 17 20 16 14 15 17 22 23 15 23 16 24 25 19 15 17 19 17 18 18 13 16 24 14 17 23 18 21 19 22 20 22 23 22 21 15 17 20 19 20 19 14 24 22 19 17 23 16 21 24 20 23 20 18 23 22 24 15 16 18 14 17 17 18 24 18 13 24 19 19 14 14 20 16 15 20 17 22 22 16 24 22 22 18 19 14 24 15 16
29 29 30 27 34 36 35 35 24 32 41 32 41 25 23 41 36 24 27 35 39 38 23 27 38 27 37 32 28 25 34 31 38 42 42 30 30 29 34 31 33 33 37 27 32 41 28 43 39 34 30 36 25 27 38 35 35 34 41 27 36 27 33 31 35 26 28 33 27 29 36 24 24 39 40 34 37 26 40 39 24 37 42 29 42 37 26 23 27 36 37 32 26 29 37 29 28 31 41 35 33
30 13 13 12 15 9 10 15 13 13 15 12 16 11 12 11 10 10 15 16 16 12 13 15 10 11 15 12 9 17 15 15 13 13 12 12 9 11 13 15 14 17 11 15 13 16 14 14 13 15 16 13 12 9 16 16 14 14 11 13 14 12 10 12 11 13 14 10 17 11 12 15 15 16 16 15 9 15 10 15 15 10 16 11 13 16 10 12 11 16 11 14 11 13 12 17 14 12 11 11 12
31 21 26 20 19 21 20 18 20 24 29 25 29 20 18 25 20 18 22 26 18 20 29 22 29 17 26 20 28 24 19 18 27 25 27 29 24 25 20 26 28 25 24 18 24 17 18 29 27 22 22 19 22 19 22 29 25 19 27 19 17 23 30 23 23 25 21 27 25 18 19 25 25 23 23 21 17 26 16 29 24 24 19 27 25 20 20 20 26 22 22 26 29 18 20 22 25 30 30 23 25
32 35 31 37 31 35 40 35 41 45 36 43 29 29 30 26 48 44 41 30 33 43 38 47 26 31 29 45 47 42 44 29 43 30 33 42 32 37 48 45 37 30 44 36 38 28 32 37 32 43 42 37 39 48 46 34 33 47 39 33 39 36 32 38 37 28 31 40 26 31 38 43 34 47 46 38 40 38 34 42 27 33 27 27 31 30 40 35 43 40 33 37 33 44 39 33 28 43 46 34 33
33 11 15 15 18 15 11 14 10 15 18 10 15 13 12 12 11 11 17 13 17 15 11 17 17 15 12 11 11 13 11 18 17 11 10 13 11 14 11 16 17 10 11 15 18 11 11 15 15 12 11 13 15 16 14 13 13 13 12 15 17 14 12 14 11 16 16 16 18 15 15 18 16 10 15 18 10 11 17 12 18 10 16 14 11 13 14 14 12 15 13 15 15 17 15 12 17 13 13 12 13
34 11 8 12 13 11 13 11 13 8 12 10 11 11 8 10 12 14 9 10 14 13 10 13 11 10 11 11 12 12 14 10 14 12 10 10 9 13 14 8 13 13 10 8 12 10 12 9 11 12 11 11 8 12 8 9 14 14 11 9 12 13 11 8 8 11 13 10 8 9 14 11 9 14 12 8 14 14 11 10 13 9 14 14 9 8 10 8 9 9 9 9 11 12 13 11 13 12 10 11 13
35 29 32 43 33 51 32 35 32 31 46 46 39 35 39 39 45 41 32 29 46 41 40 40 28 52 41 50 38 43 47 38 50 51 44 40 30 43 35 50 29 36 36 42 47 35 50 43 31 46 29 33 46 50 33 41 31 47 39 35 35 31 35 44 33 32 48 51 41 31 39 39 47 41 46 34 34 32 40 50 42 46 38 28 36 33 33 36 29 40 43 48 44 38 49 46 48 35 47 42 39
36 52 41 35 45 36 57 59 43 59 54 41 61 35 36 38 36 50 42 50 56 55 41 55 49 58 39 35 57 37 48 34 44 50 53 44 53 56 43 54 59 56 37 53 48 52 54 50 36 38 58 40 44 45 56 42 46 51 36 34 41 50 57 37 48 47 54 44 40 53 45 36 49 53 41 60 34 53 58 61 40 34 55 55 61 54 35 52 57 44 43 39 58 41 40 47 49 38 50 54 50
37 23 33 25 23 35 24 21 26 31 34 31 23 35 36 22 29 25 24 23 24 29 21 21 23 20 22 35 28 21 35 32 31 31 30 23 20 33 23 22 36 22 33 23 35 23 36 29 33 21 29 27 26 26 23 27 24 29 26 33 27 25 28 24 29 35 32 20 24 25 30 33 29 26 25 20 36 32 34 30 31 20 22 32 33 33 23 28 26 22 28 34 29 32 28 20 23 35 20 32 31
38 25 37 23 27 28 25 28 38 38 24 37 25 30 38 30 39 40 31 31 40 24 37 31 24 26 28 35 37 32 29 39 36 23 38 22 39 30 35 35 26 33 32 27 37 30 30 35 36 25 29 30 37 30 33 38 40 33 25 35 25 33 33 23 36 34 31 29 27 32 25 23 33 37 31 32 23 26 28 33 24 24 24 26 25 31 38 34 27 33 22 36 33 25 28 35 38 31 35 34 32
39 25 17 25 24 23 26 15 15 16 23 22 20 18 20 16 23 23 20 24 16 17 20 23 26 25 25 25 16 23 24 21 16 24 22 17 15 15 16 24 18 26 18 20 20 23 23 26 25 17 24 24 22 24 26 21 17 17 15 20 22 27 17 17 24 23 26 20 23 15 18 27 23 19 19 19 19 19 15 17 22 17 17 16 16 27 21 24 22 23 26 25 24 15 27 22 16 15 24 19 19
40 37 52 54 37 39 56 58 45 35 40 46 42 53 47 57 49 37 40 56 38 52 49 44 45 45 44 44 43 46 34 56 50 52 40 54 34 56 33 37 41 44 38 43 56 34 47 33 50 41 49 40 54 44 48 33 57 42 47 58 50 40 40 46 40 52 45 56 49 43 40 37 33 34 54 48 39 37 52 45 38 40 46 37 50 37 34 41 58 35 36 45 53 34 46 33 55 57 39 38 49;
param maxIb: 1 :=
1 59
2 39
3 36
4 38
5 42
6 20
7 48
8 47
9 52
10 29
11 34
12 30
13 60
14 16
15 14
16 34
17 40
18 30
19 27
20 39
21 22
22 56
23 23
24 25
25 47
26 56
27 14
28 25
29 43
30 17
31 30
32 48
33 18
34 14
35 52
36 61
37 36
38 40
39 27
40 59;
param tempoe=0.000384;
