param nvertices=10; #numero de vertices
param ndemandas=40; #numero de demandas
param capacidadeij: 1 2 3 4 5 6 7 8 9 10 :=
 1 100 100 100 100 100 100 100 100 100 100
2 100 100 100 100 100 100 100 100 100 100
3 100 100 100 100 100 100 100 100 100 100
4 100 100 100 100 100 100 100 100 100 100
5 100 100 100 100 100 100 100 100 100 100
6 100 100 100 100 100 100 100 100 100 100
7 100 100 100 100 100 100 100 100 100 100
8 100 100 100 100 100 100 100 100 100 100
9 100 100 100 100 100 100 100 100 100 100
10 100 100 100 100 100 100 100 100 100 100; #Capacidade de banda de comunicacao de cada arco
param Adj: 1 2 3 4 5 6 7 8 9 10 := 
1 0 0 1 0 0 1 1 1 0 1
2 0 0 0 1 1 0 1 0 1 1
3 1 0 0 1 0 1 1 0 0 1
4 0 1 1 0 0 0 1 0 0 0
5 0 1 0 0 0 0 0 0 1 1
6 1 0 1 0 0 0 0 1 0 1
7 1 1 1 1 0 0 0 0 0 0
8 1 0 0 0 0 1 0 0 0 1
9 0 1 0 0 1 0 0 0 0 0
10 1 1 1 0 1 1 0 1 0 0;  #Matriz de adjacencia da topologia
param I: 1 2 3 :=
1 6.000000 9.000000 12.000000
2 1.000000 4.000000 15.000000
3 8.000000 7.000000 18.000000
4 9.000000 10.000000 10.000000
5 2.000000 3.000000 12.000000
6 2.000000 8.000000 19.000000
7 10.000000 9.000000 17.000000
8 8.000000 6.000000 12.000000
9 10.000000 2.000000 18.000000
10 2.000000 7.000000 10.000000
11 5.000000 6.000000 14.000000
12 5.000000 10.000000 10.000000
13 8.000000 6.000000 13.000000
14 10.000000 6.000000 18.000000
15 3.000000 4.000000 13.000000
16 9.000000 3.000000 19.000000
17 6.000000 9.000000 13.000000
18 6.000000 10.000000 16.000000
19 4.000000 8.000000 13.000000
20 4.000000 6.000000 12.000000
21 9.000000 8.000000 15.000000
22 1.000000 4.000000 10.000000
23 10.000000 4.000000 18.000000
24 4.000000 10.000000 18.000000
25 2.000000 9.000000 10.000000
26 9.000000 8.000000 16.000000
27 3.000000 5.000000 16.000000
28 7.000000 2.000000 11.000000
29 2.000000 9.000000 15.000000
30 1.000000 5.000000 15.000000
31 10.000000 9.000000 17.000000
32 7.000000 2.000000 17.000000
33 3.000000 1.000000 14.000000
34 7.000000 4.000000 18.000000
35 4.000000 1.000000 18.000000
36 5.000000 10.000000 17.000000
37 10.000000 8.000000 14.000000
38 4.000000 5.000000 19.000000
39 9.000000 8.000000 19.000000
40 5.000000 10.000000 19.000000;
param Ib: 1 2 3 4 5 6 7 8 9 10 11 12 13 14 15 16 17 18 19 20 21 22 23 24 25 26 27 28 29 30 31 32 33 34 35 36 37 38 39 40 41 42 43 44 45 46 47 48 49 50 51 52 53 54 55 56 57 58 59 60 61 62 63 64 65 66 67 68 69 70 71 72 73 74 75 76 77 78 79 80 81 82 83 84 85 86 87 88 89 90 91 92 93 94 95 96 97 98 99 100 :=
1 42 59 44 30 58 26 45 59 34 41 48 42 43 45 24 39 58 55 51 51 39 49 21 55 23 51 29 52 34 48 52 51 38 36 26 34 41 58 47 30 32 28 48 24 32 61 39 61 61 21 24 53 27 47 46 43 34 32 57 60 39 43 25 49 46 27 60 45 27 34 35 43 31 58 49 52 21 28 23 34 44 36 52 58 53 47 29 37 44 29 48 50 39 24 33 22 28 50 35 56
2 41 24 39 50 37 42 50 17 47 38 40 32 47 30 26 28 30 19 51 42 34 41 41 40 47 34 22 34 51 32 35 32 43 48 25 45 30 40 42 26 26 29 28 26 25 42 47 38 24 37 45 50 45 34 28 36 42 18 29 18 36 51 20 29 45 49 29 19 29 38 23 47 35 36 37 33 33 35 40 39 39 17 22 27 50 19 23 50 33 20 38 18 37 34 32 19 40 49 22 41
3 38 50 30 39 28 19 33 46 22 41 30 20 40 50 20 41 28 23 29 20 50 38 50 48 45 49 19 33 19 37 35 51 50 20 48 19 45 33 18 29 29 24 35 35 22 40 49 46 17 50 47 33 22 32 37 19 37 49 30 37 31 35 29 49 43 31 26 36 50 49 27 49 22 35 27 46 24 44 33 32 42 50 36 20 19 32 25 47 44 23 40 32 21 28 28 26 44 39 21 45
4 14 14 12 9 15 14 12 17 8 14 8 14 13 13 7 13 15 12 17 11 7 11 15 18 13 14 15 12 7 16 14 17 8 11 11 9 14 14 16 17 11 13 6 14 13 12 6 14 13 18 12 12 9 9 9 15 13 10 7 16 12 7 15 7 7 7 10 14 17 14 9 12 11 17 10 17 15 11 10 13 17 6 9 7 10 14 15 17 16 10 11 14 15 13 15 14 13 17 15 13
5 19 36 33 31 28 36 22 17 38 40 34 39 25 26 28 35 33 14 40 38 31 15 19 19 38 23 35 29 15 16 24 33 18 28 15 39 17 16 37 35 14 15 36 39 25 33 24 27 27 32 17 20 26 39 19 16 22 38 26 29 17 38 18 33 19 39 38 23 20 26 21 18 21 17 37 36 31 20 21 28 32 30 35 25 16 29 23 33 35 39 26 35 34 19 24 29 18 22 28 30
6 25 17 28 13 15 17 32 17 27 13 20 17 15 27 15 21 30 21 17 17 26 24 27 12 11 28 18 21 16 32 17 11 32 31 13 12 21 23 32 15 31 17 13 23 18 15 13 17 12 21 23 16 31 29 22 29 24 27 14 23 23 29 26 23 30 19 12 13 22 13 18 21 13 31 31 16 25 25 26 19 14 30 25 27 13 19 20 20 30 23 14 29 21 27 27 26 24 24 26 15
7 54 32 44 35 32 41 52 57 41 28 63 28 46 50 30 61 24 64 48 63 47 50 31 46 45 51 60 61 28 56 61 48 54 43 27 30 23 33 60 23 51 47 24 45 50 58 24 22 26 50 38 41 60 29 44 61 45 52 63 30 24 39 22 38 37 38 44 24 52 29 48 37 41 24 38 48 36 30 25 29 50 29 38 31 60 58 23 50 26 50 26 40 60 45 61 57 63 51 25 35
8 56 32 27 23 33 39 53 59 45 39 27 36 32 58 32 37 29 55 27 58 42 39 48 53 23 22 39 36 60 35 41 33 38 25 30 57 60 32 38 55 64 59 44 28 47 56 38 58 26 61 31 28 62 32 55 55 31 35 48 22 64 43 42 23 48 46 46 42 31 56 27 63 64 36 47 22 63 40 31 38 39 25 42 43 48 53 56 31 63 27 58 25 54 51 57 57 37 37 64 29
9 16 26 24 14 17 22 22 16 23 19 21 12 10 10 13 16 24 16 19 23 14 21 24 13 17 25 15 15 17 16 20 22 23 20 14 19 20 19 12 19 27 18 12 11 13 16 12 13 15 20 26 16 23 19 15 24 15 21 16 14 17 25 20 18 24 23 26 14 14 20 13 11 19 20 23 19 24 24 23 13 22 10 23 15 24 23 27 17 22 19 11 17 26 20 17 12 14 22 13 12
10 32 43 45 25 49 24 51 29 58 27 51 56 40 25 42 54 51 56 48 32 39 52 42 47 47 55 22 46 39 48 32 53 23 49 52 54 45 40 47 31 40 43 47 27 27 41 37 23 49 50 46 24 21 36 24 59 52 55 43 42 58 54 21 57 47 52 32 51 48 44 48 34 52 42 36 30 24 60 21 42 38 34 31 21 50 25 59 37 25 21 37 21 47 33 26 21 33 54 20 35
11 16 16 13 15 16 15 7 14 6 16 16 16 6 15 10 6 9 9 16 8 10 8 7 11 8 9 12 16 14 12 9 9 11 6 7 11 13 8 6 6 15 15 6 13 12 15 8 6 6 9 8 13 8 15 7 16 7 13 6 6 15 15 16 13 9 14 13 10 11 13 9 11 7 6 9 13 7 15 15 16 9 16 9 7 10 8 14 15 6 9 7 12 13 6 14 11 10 6 7 10
12 15 10 9 9 19 18 11 11 18 13 11 12 12 19 14 17 18 17 8 10 12 8 15 8 12 13 17 17 8 10 9 17 18 16 9 11 18 19 18 10 7 13 9 15 7 17 13 12 13 18 19 9 8 7 19 9 11 15 8 17 16 12 16 10 8 10 12 15 16 10 7 7 19 18 10 14 16 7 17 10 17 12 12 12 15 9 19 11 19 11 17 12 18 7 14 16 11 8 8 17
13 27 24 42 42 35 33 31 35 42 40 21 24 18 40 20 18 29 37 37 34 17 21 16 40 35 23 27 39 41 21 20 33 41 27 31 26 23 27 27 29 34 28 40 21 41 15 37 28 33 21 15 25 19 24 27 38 15 22 29 22 36 31 19 19 26 23 19 30 27 40 39 24 14 41 30 22 37 37 17 33 19 25 30 24 22 27 24 27 42 18 20 34 42 17 30 14 37 15 36 25
14 17 27 25 23 31 43 17 37 36 27 20 40 41 44 24 27 46 40 38 42 28 40 25 24 43 31 26 21 43 19 27 45 25 33 18 34 44 41 44 36 42 37 46 41 22 30 45 24 35 27 31 21 37 37 35 34 44 42 25 46 38 18 18 19 41 29 41 36 44 21 36 19 24 32 37 31 38 18 38 29 45 19 32 23 23 32 48 17 43 39 17 30 19 35 21 35 44 42 47 33
15 28 24 24 13 20 22 29 22 11 21 11 22 15 21 14 23 20 15 21 24 25 20 22 27 28 23 12 12 12 23 30 14 29 20 22 16 21 24 28 21 29 28 18 16 19 11 28 27 16 12 11 15 21 13 29 21 24 13 29 13 26 11 26 24 11 24 17 20 24 25 22 23 11 27 10 19 29 30 18 24 29 18 11 24 30 25 14 22 11 18 24 17 16 15 22 25 11 12 12 21
16 36 37 38 49 50 37 35 38 39 26 50 29 19 39 44 42 21 26 43 22 28 20 28 50 44 47 35 38 30 31 31 47 49 38 27 47 41 33 48 25 20 50 34 46 49 40 26 36 34 30 37 46 42 42 45 17 40 48 17 45 27 32 21 33 41 29 29 24 47 32 36 37 32 30 32 21 45 41 21 41 17 18 41 18 51 42 35 38 32 19 19 28 35 39 43 38 43 43 41 48
17 38 36 24 56 53 41 43 29 57 49 34 26 45 40 44 47 20 26 40 23 54 50 52 43 49 44 50 29 27 52 36 35 30 42 52 50 46 44 45 43 31 44 38 43 30 56 41 49 47 35 36 42 51 38 36 57 41 53 53 44 21 56 40 32 43 20 47 57 20 23 32 39 37 40 22 49 55 27 20 25 43 45 50 20 41 23 34 35 39 53 34 24 41 26 34 32 36 23 22 36
18 25 23 46 49 46 29 43 49 25 45 34 48 43 33 32 41 28 21 52 19 23 29 25 29 36 38 19 52 24 34 21 36 30 43 52 20 20 41 43 36 46 38 52 23 43 28 49 50 30 51 47 33 27 20 39 28 22 48 33 49 49 32 21 40 46 22 48 39 37 41 25 18 47 52 45 40 50 35 29 19 36 34 31 31 44 28 35 37 48 34 33 19 39 34 19 20 46 38 32 30
19 34 70 53 43 36 33 70 54 26 44 34 32 33 44 59 55 37 50 31 67 34 54 41 60 31 41 50 37 29 46 38 55 53 54 24 41 36 50 45 69 29 56 44 44 46 48 47 36 70 25 55 28 48 68 43 39 57 34 36 67 53 57 38 50 50 61 24 25 24 49 53 47 65 65 45 53 60 52 59 57 62 66 49 37 37 58 46 54 50 41 31 33 43 68 52 68 30 47 42 39
20 62 32 57 66 26 70 47 29 40 54 62 65 49 48 28 46 27 46 50 43 41 43 27 49 29 31 53 57 38 62 26 38 55 51 46 64 41 65 41 30 28 67 50 35 68 39 57 56 26 34 59 37 65 58 58 52 26 64 38 25 62 62 63 58 33 64 56 33 35 46 34 72 32 50 41 57 28 50 71 33 51 41 26 54 72 53 59 59 43 73 37 32 27 56 25 54 31 43 68 36
21 40 65 32 50 48 70 25 52 37 57 31 27 44 62 52 42 57 54 48 29 42 57 50 24 49 63 60 61 27 43 33 55 40 55 40 46 41 66 25 55 54 42 40 65 40 36 57 52 41 30 70 51 51 58 66 24 38 26 59 39 67 33 70 64 37 54 57 36 31 61 32 26 24 29 69 24 34 45 31 60 47 34 57 63 32 34 66 54 51 44 67 24 42 27 61 35 57 48 50 46
22 19 35 38 27 30 15 34 23 22 34 37 36 27 14 33 26 29 37 38 38 19 33 15 14 24 31 34 31 25 26 38 33 37 20 35 16 35 25 15 38 22 37 20 25 22 25 27 28 17 35 39 38 19 30 41 29 39 14 36 41 27 23 27 20 22 21 18 33 28 20 18 16 41 21 37 40 22 37 18 22 34 30 34 34 22 39 27 41 17 19 33 33 22 27 17 31 19 28 39 34
23 52 34 55 25 55 30 43 40 54 29 40 26 63 48 37 43 29 43 33 56 56 30 50 48 48 41 67 34 69 25 49 42 37 43 39 50 33 43 52 54 65 36 33 28 51 28 44 29 45 63 51 34 29 24 54 24 57 30 60 28 56 67 57 32 58 64 29 51 62 63 30 41 27 35 42 27 60 26 52 31 60 48 31 26 49 36 48 66 40 41 58 33 62 46 63 45 32 64 47 49
24 35 20 26 41 22 41 20 26 17 17 38 16 32 43 24 42 34 33 35 17 26 33 22 26 21 30 29 40 35 37 29 23 24 25 36 32 28 23 43 20 17 31 42 36 40 28 33 32 15 33 17 42 34 26 23 29 21 43 36 33 43 35 19 37 21 23 30 28 27 30 18 16 36 34 24 28 15 33 25 19 39 16 18 24 25 30 24 16 43 36 29 42 21 19 28 38 42 15 38 32
25 30 14 29 36 27 37 15 32 33 17 33 34 17 15 22 37 34 15 28 17 38 15 37 14 33 19 24 24 26 35 35 37 35 26 16 15 40 39 36 25 32 37 17 28 29 34 22 36 25 25 38 19 17 37 34 35 23 34 32 16 33 36 37 32 31 21 35 21 29 20 33 29 40 18 34 39 38 24 22 19 18 40 20 37 16 23 15 24 27 34 18 19 37 31 39 23 28 40 20 35
26 11 23 15 19 13 12 21 11 12 27 28 16 17 16 10 15 23 12 24 21 26 24 12 25 21 20 17 21 12 19 16 26 11 16 30 27 25 22 16 23 30 21 25 27 28 11 29 23 14 20 20 12 27 12 11 24 17 27 29 21 14 17 14 14 26 27 29 14 10 19 14 22 22 26 28 17 28 13 23 12 19 19 25 18 13 19 11 22 14 20 25 23 13 13 29 24 21 14 15 26
27 34 30 26 29 26 32 23 27 13 32 24 31 20 31 27 27 27 33 27 32 14 32 32 24 27 14 25 20 20 24 12 14 18 14 19 22 26 15 26 21 16 13 21 33 19 14 12 19 32 14 31 21 34 22 18 29 14 21 21 23 28 15 29 18 21 23 25 33 30 33 34 33 33 28 12 26 31 30 18 24 17 32 20 19 24 20 32 26 24 31 25 22 20 24 25 22 23 17 16 21
28 15 27 30 22 15 28 24 26 21 24 13 22 21 29 22 29 21 12 12 19 21 28 16 24 31 28 18 13 18 29 34 17 33 25 24 22 15 29 14 14 31 33 16 33 17 14 13 26 21 17 27 26 29 29 17 31 31 25 15 12 18 32 33 18 29 33 30 23 31 24 16 17 21 12 21 25 29 23 34 15 31 18 30 24 30 17 23 30 28 30 24 25 21 18 15 24 30 14 22 15
29 50 26 62 40 37 50 46 42 39 66 24 52 32 62 44 47 26 51 57 35 34 66 32 49 46 48 33 27 27 64 58 67 63 34 48 48 62 52 42 38 50 34 27 55 61 46 50 36 30 36 53 65 39 57 26 57 64 57 31 29 59 46 31 65 65 23 62 53 57 32 62 34 50 38 32 52 37 43 45 37 60 28 34 47 45 58 46 62 49 33 47 42 44 38 42 38 38 36 47 55
30 62 26 45 60 32 28 35 57 68 38 44 25 37 29 70 38 70 56 63 34 50 59 61 29 58 46 26 63 60 42 36 61 28 33 57 25 44 26 68 51 54 49 61 69 70 41 51 45 35 64 29 65 39 33 63 35 66 30 45 29 60 35 67 24 69 45 62 39 62 67 28 68 53 60 55 59 45 35 58 35 54 48 28 43 45 33 37 25 68 62 33 28 25 67 70 33 64 59 28 26
31 20 15 23 21 16 19 10 22 9 22 16 9 22 24 15 13 21 22 22 23 25 11 17 22 18 9 12 11 20 10 22 25 19 11 24 11 24 18 23 12 22 15 15 18 19 19 21 13 20 20 23 23 24 16 16 17 25 15 17 17 11 22 25 22 9 16 14 23 22 22 9 17 21 24 11 11 11 9 15 16 24 22 13 17 18 17 11 24 22 13 14 14 13 9 17 19 9 23 15 20
32 42 39 23 38 31 19 34 17 43 20 44 36 39 50 19 19 43 40 22 25 17 36 40 26 33 20 36 49 38 29 32 18 21 42 43 41 43 27 32 28 32 22 33 40 35 30 31 20 22 20 50 48 39 20 29 45 39 37 27 20 27 17 17 25 46 23 35 42 23 21 21 28 32 30 38 42 27 22 21 47 24 40 19 38 35 19 50 20 35 21 26 32 36 42 42 47 32 47 38 22
33 36 32 56 57 46 61 62 56 61 58 50 49 33 22 38 40 59 58 44 34 42 35 26 23 43 24 33 62 29 58 31 56 42 42 49 43 27 37 26 45 58 40 54 57 27 49 43 56 58 43 52 35 35 29 56 50 27 23 38 58 54 58 43 62 48 45 36 26 54 54 49 23 52 29 43 62 56 54 28 57 22 45 43 39 62 39 22 25 44 47 62 40 41 57 59 32 44 57 26 51
34 31 27 25 37 26 27 30 32 24 29 16 31 22 29 29 22 25 29 30 15 27 26 24 15 31 37 18 17 25 30 13 28 19 34 23 27 27 37 27 27 31 37 20 17 29 17 27 37 24 31 18 31 28 32 29 23 34 18 18 27 13 33 32 21 28 36 35 25 23 26 23 21 33 28 17 26 29 24 37 16 26 17 21 36 18 23 23 33 14 14 15 14 21 26 13 18 20 32 17 34
35 9 22 13 20 13 18 9 18 15 17 12 11 15 14 24 18 17 12 9 13 19 24 12 20 15 19 13 23 14 18 21 24 18 16 22 20 20 24 21 17 16 12 20 18 8 22 24 14 17 11 19 19 8 20 8 19 10 12 8 10 11 9 14 18 12 9 11 13 17 9 18 19 20 21 11 12 24 20 9 13 19 16 23 22 21 10 20 17 23 18 15 22 12 21 23 12 23 10 18 12
36 44 25 52 63 47 37 38 64 58 64 47 35 38 25 56 33 57 46 34 30 39 44 27 26 63 40 46 33 59 56 44 34 23 58 38 62 56 50 23 44 24 34 59 28 43 46 50 43 60 28 26 44 47 49 29 50 24 57 34 37 32 37 37 31 22 32 56 50 28 33 53 64 29 40 51 50 45 56 60 32 22 51 36 28 46 50 28 32 52 27 61 45 50 30 27 62 35 32 34 22
37 27 59 45 31 53 30 32 25 61 64 63 67 29 44 34 34 46 43 54 30 41 51 41 47 23 51 55 38 51 63 40 66 66 33 31 40 44 26 49 23 57 33 47 37 28 32 66 66 37 31 64 44 30 55 46 31 58 27 45 64 27 40 25 44 55 25 35 59 56 23 41 39 65 51 28 35 38 38 46 36 59 30 48 46 43 23 58 61 57 38 58 35 35 43 25 52 31 40 62 30
38 44 52 26 30 46 31 49 44 25 34 36 31 55 23 47 59 25 60 33 58 54 26 62 32 54 43 26 62 42 49 38 55 62 22 22 56 50 63 51 32 41 38 48 41 39 63 22 43 39 31 34 27 50 44 42 36 44 31 31 49 47 39 41 49 34 30 26 36 42 59 52 44 25 38 31 57 45 41 38 33 47 58 61 36 25 26 45 42 26 40 33 26 27 38 28 40 33 53 54 28
39 39 39 38 19 28 35 39 15 16 27 15 32 36 17 22 35 14 21 17 23 38 35 36 34 25 20 36 23 26 33 16 27 30 26 26 31 16 20 23 23 36 33 36 15 16 26 32 15 30 26 15 21 26 39 18 32 31 32 20 31 41 25 18 22 34 19 32 28 29 38 32 15 24 27 41 31 21 22 39 36 32 39 39 41 30 17 40 40 25 41 22 40 19 37 34 17 24 33 38 22
40 67 29 26 51 47 48 48 27 35 62 25 53 23 60 42 66 25 50 46 31 28 50 44 31 43 34 47 57 30 58 64 58 48 53 37 23 63 60 49 23 29 63 49 32 58 24 57 45 47 64 62 24 65 58 37 62 26 61 54 50 48 47 52 66 63 53 60 23 56 37 34 45 54 43 31 61 49 67 59 65 63 58 61 55 37 60 61 47 24 33 49 33 58 50 32 65 27 66 33 45;
param maxIb: 1 :=
1 62
2 51
3 51
4 18
5 41
6 33
7 65
8 65
9 27
10 60
11 17
12 20
13 42
14 48
15 30
16 51
17 59
18 53
19 71
20 74
21 71
22 42
23 69
24 44
25 41
26 30
27 35
28 35
29 68
30 71
31 26
32 51
33 63
34 38
35 24
36 65
37 68
38 63
39 42
40 68;
param tempoe=0.000636;
