param nvertices=10; #numero de vertices
param ndemandas=40; #numero de demandas
param capacidadeij: 1 2 3 4 5 6 7 8 9 10 :=
 1 100 100 100 100 100 100 100 100 100 100
2 100 100 100 100 100 100 100 100 100 100
3 100 100 100 100 100 100 100 100 100 100
4 100 100 100 100 100 100 100 100 100 100
5 100 100 100 100 100 100 100 100 100 100
6 100 100 100 100 100 100 100 100 100 100
7 100 100 100 100 100 100 100 100 100 100
8 100 100 100 100 100 100 100 100 100 100
9 100 100 100 100 100 100 100 100 100 100
10 100 100 100 100 100 100 100 100 100 100; #Capacidade de banda de comunicacao de cada arco
param Adj: 1 2 3 4 5 6 7 8 9 10 := 
1 0 0 1 0 0 1 1 1 0 1
2 0 0 0 1 1 0 1 0 1 1
3 1 0 0 1 0 1 1 0 0 1
4 0 1 1 0 0 0 1 0 0 0
5 0 1 0 0 0 0 0 0 1 1
6 1 0 1 0 0 0 0 1 0 1
7 1 1 1 1 0 0 0 0 0 0
8 1 0 0 0 0 1 0 0 0 1
9 0 1 0 0 1 0 0 0 0 0
10 1 1 1 0 1 1 0 1 0 0;  #Matriz de adjacencia da topologia
param I: 1 2 3 :=
1 10.000000 3.000000 10.000000
2 5.000000 9.000000 15.000000
3 2.000000 7.000000 16.000000
4 7.000000 6.000000 11.000000
5 9.000000 10.000000 17.000000
6 4.000000 6.000000 17.000000
7 10.000000 1.000000 19.000000
8 6.000000 8.000000 10.000000
9 6.000000 2.000000 13.000000
10 2.000000 7.000000 14.000000
11 8.000000 4.000000 18.000000
12 3.000000 5.000000 12.000000
13 8.000000 3.000000 13.000000
14 5.000000 4.000000 19.000000
15 7.000000 1.000000 10.000000
16 10.000000 2.000000 13.000000
17 10.000000 2.000000 10.000000
18 9.000000 8.000000 15.000000
19 8.000000 7.000000 11.000000
20 2.000000 5.000000 12.000000
21 5.000000 3.000000 16.000000
22 4.000000 3.000000 11.000000
23 3.000000 7.000000 16.000000
24 7.000000 1.000000 12.000000
25 9.000000 10.000000 18.000000
26 4.000000 1.000000 18.000000
27 8.000000 7.000000 15.000000
28 4.000000 2.000000 13.000000
29 2.000000 1.000000 16.000000
30 7.000000 1.000000 18.000000
31 3.000000 6.000000 13.000000
32 9.000000 1.000000 10.000000
33 4.000000 10.000000 13.000000
34 9.000000 1.000000 14.000000
35 7.000000 10.000000 15.000000
36 6.000000 7.000000 18.000000
37 8.000000 6.000000 16.000000
38 8.000000 4.000000 11.000000
39 3.000000 7.000000 16.000000
40 4.000000 2.000000 19.000000;
param Ib: 1 2 3 4 5 6 7 8 9 10 11 12 13 14 15 16 17 18 19 20 21 22 23 24 25 26 27 28 29 30 31 32 33 34 35 36 37 38 39 40 41 42 43 44 45 46 47 48 49 50 51 52 53 54 55 56 57 58 59 60 61 62 63 64 65 66 67 68 69 70 71 72 73 74 75 76 77 78 79 80 81 82 83 84 85 86 87 88 89 90 91 92 93 94 95 96 97 98 99 100 :=
1 44 54 50 55 62 50 53 47 56 60 40 55 43 41 43 49 46 54 36 53 39 62 41 46 48 40 44 37 38 43 41 36 45 45 49 47 48 47 35 60 55 59 54 53 44 45 60 60 48 56 48 48 39 44 42 38 37 42 60 36 45 49 61 57 45 35 36 49 46 59 35 39 50 49 49 60 43 53 59 41 52 45 48 60 34 60 50 47 49 60 62 45 62 34 53 61 40 55 40 43
2 45 32 34 42 39 38 35 54 46 34 52 40 53 44 55 56 54 49 58 58 45 34 51 37 33 36 58 32 34 43 32 49 46 37 38 37 49 55 56 53 32 48 42 46 40 53 43 36 40 43 48 38 48 40 51 37 50 41 40 49 42 38 42 39 33 40 36 37 45 37 45 46 34 34 42 58 51 45 39 45 37 43 32 34 55 37 52 50 50 47 40 54 55 34 52 55 33 58 42 42
3 30 23 22 26 23 26 22 26 26 31 21 30 23 31 22 21 27 17 17 20 21 24 31 24 21 23 24 29 31 23 24 30 19 21 24 19 24 20 28 19 28 30 31 17 19 30 18 29 18 25 18 20 20 20 28 24 24 29 29 24 25 24 19 24 26 20 30 18 29 18 20 25 25 29 17 24 22 22 30 28 28 26 30 31 17 19 27 17 23 20 27 17 23 31 29 21 28 22 20 20
4 45 49 35 51 35 51 33 55 50 40 43 51 35 48 38 41 52 51 51 40 58 47 41 54 33 37 42 36 55 34 56 55 52 50 49 33 41 40 45 48 55 60 49 46 44 38 36 33 54 57 47 59 54 49 57 57 59 34 41 40 46 46 53 54 35 55 43 34 41 57 58 33 42 32 39 58 54 55 34 44 33 55 41 48 53 49 40 40 51 34 36 58 58 34 41 49 59 38 40 46
5 48 30 50 38 39 41 40 34 39 43 43 41 49 50 41 49 46 32 43 33 48 51 42 43 34 39 36 33 35 40 49 31 42 33 48 33 48 53 32 45 48 47 53 32 38 48 41 54 33 46 49 52 49 31 46 40 44 54 38 44 48 52 43 47 52 32 31 52 48 30 39 38 43 49 54 39 38 42 36 31 42 49 47 53 32 44 52 42 54 54 33 50 52 51 33 47 43 32 31 30
6 18 20 24 17 21 18 24 14 18 17 19 19 17 15 16 17 21 15 20 22 16 25 17 24 15 26 20 24 16 19 21 20 18 25 15 25 16 23 26 26 24 22 19 17 23 18 24 22 20 16 15 21 16 25 16 18 14 17 20 24 17 15 24 20 21 18 24 20 19 14 21 20 25 21 15 22 18 16 22 17 19 16 16 22 22 18 17 26 23 15 23 25 19 15 23 18 25 16 18 25
7 27 31 35 30 33 26 37 30 27 37 28 37 21 28 26 35 32 29 30 32 27 33 36 35 21 30 31 36 27 20 37 32 35 26 25 34 29 26 27 34 36 33 27 38 31 34 35 33 26 37 24 32 34 21 37 21 33 35 23 33 28 28 31 37 21 33 26 22 30 37 34 35 36 34 21 28 25 22 37 31 23 26 30 27 26 29 23 24 29 25 25 36 32 27 33 26 35 37 37 32
8 44 42 47 61 45 48 58 47 38 59 49 37 40 63 49 57 42 39 48 42 59 46 36 37 51 44 35 36 60 40 60 35 46 42 52 49 42 42 42 41 49 39 53 41 52 54 45 56 51 46 40 52 60 45 49 50 45 38 59 53 43 37 63 58 55 46 45 35 55 56 61 53 38 63 52 47 41 63 61 58 35 43 52 44 55 47 57 35 35 61 43 63 42 50 38 38 52 38 63 57
9 46 40 29 49 45 49 36 39 37 29 31 41 32 35 36 42 48 43 31 39 31 40 33 29 33 31 34 30 36 33 42 48 37 38 40 29 34 35 33 46 36 47 48 30 31 34 40 43 47 44 33 41 28 30 42 44 30 45 29 28 43 31 29 27 41 32 34 28 41 39 32 38 33 40 48 42 42 30 39 40 42 31 40 41 44 29 46 49 48 48 29 28 31 27 39 30 33 37 38 34
10 39 39 46 36 28 42 30 33 41 43 31 31 32 40 48 28 47 33 45 39 42 39 29 36 46 30 47 30 38 32 50 28 39 51 36 36 49 30 29 32 28 42 44 35 46 41 33 44 39 39 46 41 47 46 40 30 36 39 37 29 29 41 40 39 46 46 42 35 50 50 45 45 48 32 31 43 46 34 41 35 43 44 43 28 45 44 45 40 36 44 33 48 46 50 29 34 35 45 46 49
11 31 27 37 37 29 27 33 24 31 25 37 21 31 32 35 37 30 39 30 29 24 39 29 23 26 25 28 34 33 23 29 36 24 35 24 37 32 28 34 30 23 31 30 38 25 21 32 34 21 27 28 27 32 33 23 26 30 21 33 35 34 37 37 26 25 33 27 38 23 30 39 23 35 39 24 34 37 38 35 30 22 32 30 22 28 36 32 36 37 34 22 31 21 25 30 29 23 33 22 30
12 35 52 53 34 53 34 52 42 36 52 34 39 34 35 31 37 40 50 34 51 51 55 55 36 33 39 52 47 55 50 43 46 49 32 39 33 50 31 50 32 32 53 34 48 34 40 33 32 51 46 40 46 37 41 30 41 39 34 54 38 40 32 36 48 48 33 42 32 39 42 32 51 39 39 35 35 38 42 35 35 54 42 39 53 43 51 37 47 31 48 37 37 46 48 42 50 38 36 49 35
13 50 55 36 50 49 48 35 34 47 50 41 31 39 37 53 50 45 44 38 38 53 33 35 45 50 38 56 39 43 36 46 52 51 55 51 46 43 43 52 33 30 42 36 31 31 49 36 41 38 42 37 52 34 33 48 54 31 46 47 49 42 52 51 35 51 52 35 43 46 37 39 39 38 48 35 52 31 45 35 55 31 34 43 47 51 37 53 31 48 49 53 33 36 54 48 32 33 35 43 55
14 19 28 25 22 20 21 20 29 25 18 24 19 27 28 18 29 25 20 19 23 20 29 24 21 22 22 25 23 24 31 19 23 19 27 24 19 29 24 27 29 19 28 22 25 27 18 22 25 30 18 27 32 25 26 19 31 18 22 27 18 32 24 19 23 19 21 31 20 27 19 22 28 26 28 29 29 27 22 22 32 30 18 18 19 20 19 29 31 32 30 19 31 27 18 24 26 25 18 31 23
15 37 36 34 28 37 40 29 29 48 43 29 39 37 28 45 30 44 47 30 45 39 29 39 30 46 38 27 41 40 27 35 33 37 41 28 43 35 31 35 31 37 28 34 44 38 32 27 39 48 34 38 35 29 47 31 32 27 36 40 45 40 42 29 35 35 36 29 49 42 30 42 32 40 37 35 37 38 27 40 29 27 39 27 40 41 36 34 31 36 42 30 38 38 36 34 40 47 32 47 37
16 47 40 56 42 39 42 42 38 37 37 41 39 38 44 34 41 36 57 53 41 54 52 48 34 59 36 50 42 38 51 47 60 37 43 54 59 60 52 39 43 34 35 46 52 41 53 60 50 60 44 51 54 54 54 40 60 60 36 59 44 34 60 35 60 44 48 40 60 42 41 40 58 33 59 41 33 59 34 39 34 46 56 37 58 45 55 45 58 35 35 54 47 35 44 47 37 46 48 37 59
17 11 11 9 13 9 14 15 12 12 15 8 13 14 11 15 15 9 10 11 11 15 14 10 13 14 14 12 12 15 12 9 12 11 12 11 15 10 10 15 13 11 12 10 10 10 13 11 12 11 9 12 13 11 9 12 9 10 9 14 13 10 12 11 9 14 11 9 9 10 13 11 14 11 15 15 9 9 15 15 14 15 12 12 9 10 13 13 12 9 13 14 9 14 13 9 10 9 13 10 9
18 50 49 38 61 60 51 59 50 50 51 59 61 49 34 52 43 43 40 45 36 57 40 52 51 40 42 36 55 37 35 56 49 37 57 50 39 59 37 56 44 57 54 44 51 36 51 33 59 36 44 35 38 40 57 40 48 42 34 56 60 61 36 48 60 44 40 44 52 34 41 40 46 43 40 60 60 44 49 41 42 40 37 59 50 33 45 48 58 47 54 60 53 58 39 51 58 56 44 53 35
19 36 33 27 36 34 30 32 44 43 36 46 44 27 28 38 46 48 33 43 37 37 37 36 39 48 33 35 47 36 45 38 44 42 28 35 28 42 33 27 44 27 42 35 46 32 29 28 31 32 35 40 46 29 47 28 40 43 40 28 45 46 33 31 32 33 30 45 37 48 34 42 34 39 37 47 39 44 31 46 45 44 36 40 39 33 31 39 29 35 41 39 37 30 48 32 39 34 27 27 48
20 44 36 50 45 61 58 39 62 49 42 37 46 58 50 42 41 43 40 48 50 43 41 50 35 37 51 50 62 62 58 41 59 61 46 51 61 46 51 36 35 41 46 60 53 44 55 51 52 53 58 39 62 55 36 40 59 34 57 62 57 50 36 42 56 42 35 36 38 45 49 59 58 43 36 48 46 60 48 53 40 54 48 39 50 55 53 54 50 44 42 36 47 50 61 51 34 36 59 59 57
21 18 23 15 17 22 18 22 22 20 15 18 15 18 15 16 16 20 23 19 15 14 16 24 25 14 23 13 16 24 22 14 25 22 16 21 22 19 15 16 13 16 21 25 19 23 15 16 17 19 18 25 14 15 14 24 22 22 21 21 16 24 18 16 17 16 15 22 18 22 20 15 21 23 19 14 15 22 19 22 18 21 18 21 17 15 17 17 15 15 24 18 24 23 24 23 22 15 22 21 16
22 50 42 50 46 54 50 51 45 48 45 47 43 37 33 34 51 36 47 43 41 35 32 37 51 35 43 48 43 40 47 52 49 40 41 33 34 40 31 38 48 55 33 47 50 47 46 54 48 34 34 51 37 45 51 51 40 35 42 38 31 50 33 33 39 30 44 46 51 45 54 42 35 39 45 40 52 48 43 50 46 48 54 35 51 49 38 35 30 33 35 44 49 38 42 44 52 32 34 32 51
23 34 23 24 23 29 20 24 25 26 24 35 26 29 35 28 23 23 32 29 35 25 34 32 34 21 20 19 24 22 33 24 27 25 22 27 29 34 24 22 24 30 32 19 26 19 21 29 27 19 30 27 21 34 22 21 25 25 31 32 29 22 29 33 22 28 24 28 31 23 30 35 30 31 21 30 22 21 21 23 26 28 21 20 25 24 23 26 30 26 23 20 20 25 22 22 28 33 35 20 30
24 34 34 47 48 46 51 36 47 56 41 53 51 48 37 40 55 50 56 44 40 55 57 57 36 36 50 52 41 55 38 35 44 58 55 56 40 48 44 55 47 52 55 42 44 45 46 40 54 33 55 51 46 33 56 52 39 55 43 39 32 34 50 58 46 50 40 56 52 53 52 55 39 38 43 37 42 47 57 50 32 40 50 33 36 52 55 45 32 48 47 35 54 50 54 37 33 45 33 44 57
25 27 36 35 40 34 37 35 31 34 34 27 38 45 40 32 27 44 44 39 40 27 34 38 39 29 43 45 28 35 38 38 28 31 25 39 32 25 45 26 36 35 39 32 42 25 31 27 37 27 33 40 29 41 35 34 31 31 31 37 27 45 41 31 38 42 27 38 31 26 45 27 43 35 39 27 37 25 35 43 40 38 42 28 43 30 34 25 35 28 44 40 26 25 28 43 37 39 35 32 26
26 21 19 24 14 21 16 22 16 19 20 15 15 19 16 18 23 24 24 22 17 14 16 23 15 20 20 18 21 14 14 22 19 19 19 23 23 19 19 14 13 20 21 25 17 24 25 17 18 19 22 18 16 13 19 16 17 14 23 21 24 14 22 23 14 15 19 24 20 18 24 19 24 21 16 22 20 20 21 16 23 23 14 22 22 20 24 23 21 19 22 18 23 22 14 22 15 17 22 16 16
27 15 22 20 16 23 26 15 26 16 17 20 24 22 24 21 23 21 21 17 19 20 14 18 14 17 14 22 20 17 23 23 22 14 16 15 19 23 20 14 15 21 21 22 19 23 21 19 16 22 24 19 21 21 15 17 18 21 22 22 15 15 23 23 20 17 19 17 18 15 17 22 21 23 23 24 25 25 18 21 14 19 14 20 20 21 16 22 19 26 23 18 22 23 20 22 22 26 21 20 16
28 54 35 56 36 47 43 49 46 54 38 52 60 56 64 46 36 61 54 61 60 40 47 44 36 42 42 53 39 42 42 58 35 55 47 51 48 37 52 60 52 42 58 37 62 42 39 61 57 40 38 39 42 63 44 59 40 37 35 39 34 39 41 50 41 56 45 54 39 59 48 41 63 37 56 48 61 39 57 44 56 52 52 63 45 60 53 38 62 49 59 38 39 35 44 55 63 55 49 55 50
29 19 24 25 18 21 27 19 16 28 23 26 23 19 16 24 17 25 18 17 18 17 17 25 23 25 26 24 25 22 22 27 27 19 18 27 21 19 18 27 24 19 25 25 25 17 19 17 25 16 17 17 22 25 18 24 23 21 18 24 24 25 26 28 24 20 28 27 28 19 25 28 25 24 16 19 20 22 16 27 18 25 21 26 21 18 25 27 17 19 28 27 24 25 16 24 16 16 24 20 21
30 35 31 22 20 32 35 22 22 21 22 35 22 28 30 36 32 33 25 36 22 23 35 34 22 31 29 31 33 25 27 28 35 31 30 31 22 24 28 25 20 25 23 34 21 32 22 27 20 29 25 21 24 34 33 28 29 23 34 27 29 21 20 33 31 23 20 26 32 23 28 27 33 28 27 33 33 28 26 30 34 28 25 35 28 23 26 30 25 32 22 26 23 33 26 24 32 30 29 36 33
31 20 18 30 29 17 19 24 23 18 17 24 17 29 23 19 22 29 29 25 26 28 26 17 17 29 23 28 19 27 24 26 17 23 18 29 30 28 26 20 19 23 16 28 18 20 25 22 25 21 17 23 29 29 28 24 25 29 17 20 21 24 17 18 26 19 18 17 26 17 23 28 24 29 20 30 21 23 28 20 18 23 26 27 17 19 21 25 29 29 23 20 16 28 18 23 18 29 28 29 20
32 48 55 42 37 50 37 48 61 41 55 47 61 59 39 57 47 45 57 41 35 51 44 38 52 45 52 39 55 59 38 34 47 48 46 50 59 40 53 53 52 47 52 39 49 39 35 53 61 54 61 49 46 41 41 51 43 41 40 54 50 56 49 34 42 57 41 41 53 39 55 38 52 38 58 35 57 40 58 34 58 40 37 52 51 59 35 43 38 47 59 48 35 43 38 38 48 35 59 58 43
33 24 43 33 35 36 27 24 24 39 27 34 25 40 41 40 36 37 35 35 25 39 32 43 32 36 42 43 31 28 40 40 31 37 34 41 24 33 42 43 25 37 28 28 40 38 28 30 29 25 28 34 34 25 35 28 41 42 42 39 34 37 33 27 31 26 23 26 38 33 43 25 33 36 27 28 37 26 27 27 25 25 25 32 28 26 27 35 30 27 35 40 34 30 37 35 35 30 30 40 26
34 44 32 46 44 43 44 40 31 33 48 34 41 49 42 47 35 44 42 38 37 28 32 31 28 37 40 32 31 45 37 44 49 43 47 27 39 30 29 29 35 32 39 30 29 43 34 40 33 40 33 46 40 34 28 33 29 46 43 38 40 30 33 34 39 47 39 37 39 46 40 34 31 28 32 39 38 41 43 38 34 33 36 47 42 46 39 45 30 35 47 39 29 33 32 38 47 34 49 40 35
35 31 26 25 30 34 36 31 32 29 33 25 32 22 32 33 22 23 27 37 29 35 29 35 26 22 34 33 27 23 31 26 35 26 23 23 29 31 26 25 38 37 35 26 27 35 32 23 27 24 31 26 36 27 37 35 33 29 35 32 38 23 31 22 27 23 22 36 35 35 26 32 27 39 26 30 36 29 22 32 36 32 21 33 25 27 33 30 25 37 23 36 36 21 38 26 31 24 38 35 28
36 16 17 21 23 20 20 25 15 18 15 22 14 20 17 22 19 16 15 16 18 24 15 17 19 17 16 14 24 18 24 18 14 23 23 16 18 15 24 23 14 23 14 19 23 24 22 21 14 24 22 17 21 24 20 15 16 24 22 25 16 25 21 24 15 21 23 24 17 14 18 21 14 24 20 15 18 18 13 14 19 18 14 15 15 16 19 21 23 15 20 20 19 20 19 15 17 18 22 24 24
37 33 49 48 35 43 49 50 49 40 31 56 48 52 40 54 37 48 34 50 31 33 39 55 34 44 42 37 52 45 31 45 49 47 31 38 49 34 51 44 51 52 31 41 48 40 41 39 51 46 35 50 34 32 37 36 43 32 42 50 51 54 53 39 43 46 44 31 53 31 41 38 53 48 41 41 49 55 33 55 54 48 43 49 46 51 53 51 47 43 39 34 54 54 55 54 40 53 41 48 55
38 37 54 36 51 50 49 51 45 37 41 43 47 30 53 51 45 53 44 46 36 44 56 36 33 34 50 53 46 45 47 45 46 42 34 50 43 35 35 42 46 50 33 40 44 52 32 33 55 46 44 40 54 43 47 54 45 33 37 39 35 35 35 39 36 56 54 38 54 45 39 48 36 31 52 56 36 56 38 56 48 43 41 55 54 46 54 48 39 43 43 32 53 50 33 50 37 38 50 30 43
39 40 44 43 47 28 36 40 28 25 36 36 34 33 26 27 27 46 37 36 44 40 38 41 36 27 32 42 32 30 31 42 31 39 29 42 41 35 42 34 32 28 35 33 40 43 43 43 47 34 31 33 41 26 30 25 39 32 35 42 35 30 36 32 25 46 32 40 39 33 39 31 30 33 39 27 35 33 31 39 26 32 31 32 30 32 26 32 26 40 35 30 44 29 45 39 36 38 26 35 42
40 62 58 53 59 59 44 40 49 49 62 53 38 38 49 55 35 57 61 55 41 54 58 47 58 55 46 35 61 61 51 58 55 60 36 49 62 38 56 53 49 41 60 47 36 60 39 54 36 58 50 36 58 53 36 46 49 56 52 44 51 45 54 35 42 40 49 34 54 40 36 60 44 37 58 60 60 57 54 58 62 51 56 41 39 49 58 56 40 51 49 59 59 38 46 45 46 39 36 48 43;
param maxIb: 1 :=
1 62
2 59
3 31
4 60
5 55
6 26
7 38
8 64
9 49
10 51
11 39
12 56
13 56
14 33
15 49
16 61
17 16
18 61
19 48
20 62
21 25
22 55
23 35
24 59
25 46
26 25
27 26
28 64
29 29
30 36
31 30
32 62
33 43
34 49
35 39
36 25
37 56
38 56
39 47
40 64;
param tempoe=0.000377;
