param nvertices=10; #numero de vertices
param ndemandas=40; #numero de demandas
param capacidadeij: 1 2 3 4 5 6 7 8 9 10 :=
 1 100 100 100 100 100 100 100 100 100 100
2 100 100 100 100 100 100 100 100 100 100
3 100 100 100 100 100 100 100 100 100 100
4 100 100 100 100 100 100 100 100 100 100
5 100 100 100 100 100 100 100 100 100 100
6 100 100 100 100 100 100 100 100 100 100
7 100 100 100 100 100 100 100 100 100 100
8 100 100 100 100 100 100 100 100 100 100
9 100 100 100 100 100 100 100 100 100 100
10 100 100 100 100 100 100 100 100 100 100; #Capacidade de banda de comunicacao de cada arco
param Adj: 1 2 3 4 5 6 7 8 9 10 := 
1 0 0 1 0 0 1 1 1 0 1
2 0 0 0 1 1 0 1 0 1 1
3 1 0 0 1 0 1 1 0 0 1
4 0 1 1 0 0 0 1 0 0 0
5 0 1 0 0 0 0 0 0 1 1
6 1 0 1 0 0 0 0 1 0 1
7 1 1 1 1 0 0 0 0 0 0
8 1 0 0 0 0 1 0 0 0 1
9 0 1 0 0 1 0 0 0 0 0
10 1 1 1 0 1 1 0 1 0 0;  #Matriz de adjacencia da topologia
param I: 1 2 3 :=
1 6.000000 1.000000 16.000000
2 5.000000 9.000000 18.000000
3 7.000000 4.000000 14.000000
4 6.000000 7.000000 12.000000
5 2.000000 4.000000 18.000000
6 4.000000 8.000000 13.000000
7 6.000000 8.000000 18.000000
8 9.000000 10.000000 10.000000
9 4.000000 7.000000 19.000000
10 9.000000 4.000000 13.000000
11 5.000000 1.000000 15.000000
12 10.000000 9.000000 13.000000
13 10.000000 6.000000 16.000000
14 3.000000 2.000000 18.000000
15 1.000000 8.000000 12.000000
16 7.000000 10.000000 11.000000
17 7.000000 10.000000 16.000000
18 8.000000 7.000000 12.000000
19 1.000000 7.000000 11.000000
20 8.000000 2.000000 17.000000
21 3.000000 2.000000 19.000000
22 8.000000 7.000000 12.000000
23 7.000000 1.000000 19.000000
24 10.000000 6.000000 19.000000
25 7.000000 1.000000 12.000000
26 1.000000 3.000000 19.000000
27 10.000000 9.000000 14.000000
28 10.000000 3.000000 12.000000
29 5.000000 6.000000 11.000000
30 6.000000 4.000000 19.000000
31 8.000000 2.000000 16.000000
32 7.000000 3.000000 11.000000
33 5.000000 3.000000 11.000000
34 7.000000 6.000000 16.000000
35 8.000000 9.000000 13.000000
36 8.000000 4.000000 16.000000
37 1.000000 8.000000 17.000000
38 7.000000 5.000000 11.000000
39 5.000000 4.000000 12.000000
40 3.000000 7.000000 19.000000;
param Ib: 1 2 3 4 5 6 7 8 9 10 11 12 13 14 15 16 17 18 19 20 21 22 23 24 25 26 27 28 29 30 31 32 33 34 35 36 37 38 39 40 41 42 43 44 45 46 47 48 49 50 51 52 53 54 55 56 57 58 59 60 61 62 63 64 65 66 67 68 69 70 71 72 73 74 75 76 77 78 79 80 81 82 83 84 85 86 87 88 89 90 91 92 93 94 95 96 97 98 99 100 :=
1 11 14 13 13 13 13 11 14 13 14 17 11 17 12 18 12 15 14 19 17 18 18 15 19 18 11 19 16 15 16 17 19 19 15 11 15 15 18 12 17 17 12 12 14 14 18 15 15 11 14 14 19 13 13 14 17 12 19 16 14 12 19 18 14 19 14 18 14 13 13 19 14 13 17 13 14 12 19 14 16 18 15 16 19 17 19 17 18 12 13 16 18 16 11 16 15 11 18 18 17
2 10 15 17 10 15 12 9 9 14 14 10 9 13 13 16 15 14 16 15 13 16 10 10 13 9 12 14 12 12 15 11 10 10 11 10 14 10 13 13 10 13 12 16 14 16 13 10 15 14 17 10 9 13 10 12 16 12 15 17 15 15 10 11 15 16 10 10 11 15 11 15 10 13 12 12 16 10 15 15 10 16 13 15 10 12 15 10 13 14 12 10 12 11 15 12 12 13 16 11 13
3 26 27 18 29 20 30 25 17 27 18 21 28 29 18 27 26 21 18 24 17 28 31 30 29 21 24 25 24 26 28 24 22 25 26 20 29 30 29 27 21 24 19 17 25 30 27 21 30 30 18 22 17 30 24 27 17 25 28 30 19 28 22 25 23 22 18 18 23 30 30 31 20 28 26 18 17 23 31 31 31 20 22 18 17 26 29 21 31 20 17 22 29 30 18 26 27 27 21 20 20
4 38 46 50 44 44 38 53 41 49 34 59 37 34 41 41 37 48 34 52 37 58 47 47 52 51 55 35 48 53 45 52 55 35 54 50 44 40 44 56 38 38 53 39 44 52 59 43 52 43 42 45 47 37 36 54 48 52 39 44 52 48 42 44 32 55 43 50 46 49 43 52 58 49 40 42 32 33 43 51 35 55 58 33 32 35 38 36 39 34 43 57 38 44 43 59 45 44 41 38 50
5 32 34 26 38 34 27 32 35 38 38 38 23 35 37 36 36 31 34 38 28 28 33 24 29 24 34 26 37 25 37 28 22 33 23 32 33 25 36 23 29 22 25 24 28 29 33 33 28 22 32 31 36 32 25 34 26 30 33 36 36 25 31 38 28 39 37 34 38 26 29 27 31 28 37 22 31 22 37 34 30 23 28 29 38 23 22 25 36 28 32 24 23 33 35 32 25 36 23 32 38
6 57 42 35 34 42 46 40 37 41 39 53 46 55 58 34 56 60 50 60 50 41 45 45 46 48 50 35 55 60 35 42 35 33 57 60 48 39 46 59 41 34 56 56 43 51 40 54 51 53 46 59 37 38 39 58 55 38 48 61 34 50 49 39 38 51 40 35 38 60 39 59 38 49 53 35 36 35 33 57 38 52 45 54 44 58 48 57 56 45 44 43 59 48 45 49 51 36 60 59 47
7 52 51 35 46 49 39 44 41 30 45 39 34 31 34 30 41 40 41 43 40 37 32 38 45 34 30 46 51 50 34 34 38 37 48 35 31 47 33 43 45 43 38 34 48 48 51 42 35 42 30 39 44 28 31 29 44 51 48 36 35 45 43 47 42 42 39 46 38 29 39 33 47 42 33 42 37 41 45 29 44 29 30 51 50 37 42 37 33 30 33 36 44 44 30 39 48 28 32 45 34
8 44 42 47 29 47 42 50 40 31 46 34 44 32 44 37 45 47 46 52 37 43 48 42 49 46 48 40 44 52 37 37 31 42 42 49 38 47 42 31 32 50 32 51 50 30 34 47 47 49 50 36 28 52 45 30 50 45 28 50 49 31 31 31 46 38 44 35 40 40 30 43 49 40 43 32 49 39 52 29 32 41 48 36 46 42 44 42 42 46 33 42 50 32 30 38 34 31 50 49 52
9 20 17 18 17 20 15 16 17 19 18 15 15 16 15 23 20 14 15 20 22 19 18 22 18 14 23 14 18 20 18 17 14 14 24 15 19 17 22 20 25 20 15 19 20 22 20 17 17 16 13 14 14 20 15 24 24 19 19 15 24 15 25 20 18 24 19 22 23 13 16 17 21 25 15 20 21 24 23 15 17 23 22 24 14 20 20 24 21 24 23 13 23 18 13 15 23 13 23 17 14
10 44 51 42 28 33 40 49 42 46 33 42 40 48 32 48 38 29 51 45 38 47 35 44 30 35 47 29 50 44 28 49 48 35 46 52 39 29 50 41 37 41 51 48 35 42 39 36 37 33 49 33 31 46 30 33 41 29 40 46 30 50 48 41 31 33 35 42 40 29 41 35 41 29 48 50 42 38 52 46 42 42 42 38 37 34 38 47 40 36 49 43 46 49 46 31 32 51 47 52 49
11 24 34 24 22 25 25 32 31 24 26 26 32 34 20 30 31 30 29 28 24 21 24 23 30 19 24 19 23 30 19 28 30 26 19 23 29 30 35 28 34 28 23 25 33 21 25 20 21 26 32 33 19 31 31 25 26 24 19 30 35 22 20 27 33 26 35 30 30 21 28 30 28 23 22 34 20 28 24 30 24 32 26 26 24 30 31 35 25 34 25 20 25 30 22 25 32 34 22 29 19
12 49 47 41 34 34 34 49 31 31 49 50 37 53 38 37 43 44 33 43 50 38 55 39 32 31 48 37 49 44 48 47 49 43 42 56 51 51 34 34 51 45 33 32 39 42 43 47 55 54 40 37 35 33 42 38 46 49 42 35 45 44 35 55 44 46 42 40 45 55 37 41 55 51 45 34 38 53 50 49 36 34 48 54 36 42 48 46 49 44 45 53 47 34 32 47 55 49 46 56 38
13 45 43 43 45 37 43 40 46 43 57 32 39 45 54 54 54 39 39 36 31 43 56 34 43 47 34 57 35 47 55 53 41 41 41 48 32 37 43 35 43 57 53 37 50 37 35 41 49 54 42 50 49 45 39 54 43 52 45 48 41 50 49 53 41 41 51 36 38 54 39 53 41 42 57 45 38 46 48 54 34 48 57 36 48 54 51 45 33 41 37 57 51 36 55 46 56 56 32 48 39
14 20 29 30 22 29 23 22 28 21 19 32 27 23 19 32 28 32 31 21 24 20 28 20 25 18 31 27 30 32 25 27 22 30 31 31 30 27 26 27 26 30 18 31 30 25 31 18 28 28 30 19 30 29 31 31 24 19 32 27 27 20 19 26 21 18 24 23 27 22 24 31 25 18 21 20 22 21 20 27 30 31 27 19 24 30 24 21 25 18 24 22 24 31 26 31 31 31 30 23 28
15 33 50 30 39 46 28 48 44 50 50 47 50 38 31 28 36 33 43 38 36 28 33 38 50 44 39 29 46 34 32 39 43 37 30 35 30 28 38 33 45 46 33 45 35 42 45 30 38 32 37 35 35 31 33 28 34 42 47 36 32 51 28 40 33 35 37 30 35 50 32 51 37 46 43 34 49 28 35 40 37 40 48 34 32 39 33 30 39 43 37 32 41 43 45 28 36 34 42 44 34
16 21 23 29 27 23 31 19 20 31 19 35 22 32 30 27 29 22 30 20 19 30 23 33 21 25 23 30 19 26 20 21 26 24 32 22 19 33 29 26 26 23 31 28 25 25 32 25 20 31 24 31 20 28 22 32 24 31 28 27 25 25 22 34 32 26 20 26 23 34 33 21 20 19 29 21 21 35 24 20 32 19 22 22 30 23 22 30 31 24 30 27 19 26 28 28 26 21 26 22 21
17 26 35 34 33 36 30 22 30 29 28 31 30 28 23 30 22 24 38 27 33 21 29 23 31 22 23 35 27 26 34 29 38 30 38 37 25 25 33 25 26 30 34 23 32 38 22 29 34 29 38 35 29 32 34 37 34 34 32 33 38 25 24 32 33 23 22 31 29 38 38 35 29 24 38 35 23 32 30 37 27 37 26 34 24 31 29 38 33 37 28 38 36 35 33 22 24 22 34 31 27
18 28 48 40 27 30 31 45 33 30 46 28 36 34 31 49 42 45 50 35 43 42 43 29 50 28 41 50 45 34 39 33 29 28 45 50 28 50 33 50 28 39 38 48 39 47 41 39 47 50 37 36 35 40 45 49 37 32 49 49 48 35 46 45 38 31 42 36 40 30 38 42 50 35 34 48 34 48 41 32 41 32 35 34 48 48 46 50 28 33 33 42 32 44 27 39 45 31 48 27 40
19 21 19 19 26 26 24 20 30 23 24 25 32 20 21 21 18 29 18 24 28 30 28 18 19 28 19 27 29 18 30 26 23 32 30 20 27 30 25 22 29 28 19 26 21 31 31 30 28 28 30 25 27 20 22 30 18 21 27 26 25 22 24 32 30 20 19 21 29 19 27 30 18 31 24 31 27 26 19 20 21 29 24 30 20 32 18 30 25 19 27 24 23 31 24 23 30 20 24 30 21
20 29 21 20 22 23 27 28 27 23 32 24 30 20 22 26 19 27 31 28 28 30 26 30 20 23 22 28 22 32 24 23 22 30 30 23 23 19 21 30 23 19 22 22 28 26 19 25 32 23 22 29 21 26 21 26 28 29 30 19 28 26 22 28 29 29 28 29 21 26 21 18 30 23 21 30 29 21 28 18 23 24 27 29 19 31 28 28 19 26 25 28 26 21 28 21 20 18 29 18 27
21 10 11 9 11 7 10 13 10 8 9 11 11 13 10 10 11 10 12 12 11 9 11 9 13 11 9 12 12 8 10 8 10 9 12 8 8 9 9 12 12 10 7 12 7 7 10 7 9 11 9 10 10 10 13 11 13 13 12 8 7 9 12 12 12 7 11 12 13 7 7 8 12 8 11 12 11 10 12 10 11 7 11 8 9 12 8 12 9 12 13 9 7 8 10 8 8 7 8 12 9
22 11 14 12 14 9 12 13 11 14 14 8 12 11 13 12 12 8 13 12 12 8 11 10 11 10 11 9 10 10 12 14 12 8 13 12 12 10 10 12 11 9 8 10 14 14 13 12 8 9 8 11 9 14 13 14 12 14 12 12 13 11 11 8 13 13 9 8 13 13 9 13 8 8 14 10 12 10 9 14 12 10 13 10 11 14 14 12 10 9 13 11 12 12 13 11 10 8 13 11 11
23 30 25 39 32 26 35 31 38 24 26 32 22 37 33 29 35 36 32 29 37 31 32 25 23 24 30 25 25 37 28 37 25 35 23 26 34 24 22 36 36 33 33 25 30 36 24 32 36 33 23 29 29 28 22 39 26 29 38 30 36 37 35 23 38 39 37 31 24 25 28 26 36 33 29 29 38 22 31 35 34 24 32 29 22 31 23 24 22 22 40 23 32 34 29 30 28 28 27 23 23
24 36 51 51 38 37 37 52 58 47 41 46 40 47 61 55 47 40 55 37 38 48 46 61 40 47 45 62 37 62 59 40 42 37 34 49 50 53 38 45 57 62 38 62 58 43 53 47 59 61 37 61 35 52 38 49 62 35 40 55 34 49 38 61 56 57 59 59 36 34 45 49 50 44 35 45 35 47 42 58 59 44 43 38 42 56 42 48 52 45 43 54 49 41 61 44 46 60 60 53 46
25 24 18 20 17 24 22 22 18 26 21 14 21 20 22 20 21 24 22 22 19 16 25 23 24 24 23 25 22 23 25 15 19 16 25 19 15 16 21 25 15 16 20 23 26 20 17 25 24 20 20 21 21 17 24 16 14 23 24 25 15 16 21 18 24 15 14 15 20 16 15 16 15 22 16 20 20 25 15 15 24 19 26 18 22 20 23 16 17 16 26 14 21 15 17 15 15 21 23 15 22
26 26 37 24 23 26 29 28 30 32 39 22 34 29 38 33 34 29 27 29 34 25 39 27 32 29 31 30 34 37 40 28 27 26 29 23 35 39 37 36 34 23 28 37 38 39 32 36 38 28 36 31 25 40 26 31 30 30 36 27 25 29 37 27 39 29 23 30 30 34 32 23 40 32 25 27 22 30 23 36 29 35 35 40 35 36 39 23 23 26 30 32 34 27 40 35 26 25 35 37 31
27 48 33 36 31 44 43 42 43 30 31 29 37 28 39 29 44 29 41 46 48 45 38 26 35 41 29 40 36 44 32 41 34 44 42 30 44 31 33 31 46 42 47 26 48 37 30 36 26 47 37 35 39 47 36 48 27 42 44 33 47 44 43 29 45 31 36 39 28 42 32 46 48 39 47 31 47 31 32 39 32 36 33 28 47 44 33 46 33 27 34 37 29 42 34 43 37 26 46 42 42
28 12 12 20 17 18 16 21 20 17 13 22 17 14 13 12 20 18 21 17 12 22 17 19 17 18 13 22 17 12 18 17 12 16 12 18 15 12 14 17 18 14 15 15 15 17 13 12 12 18 22 14 21 21 22 16 15 17 21 14 15 13 14 16 18 16 18 17 20 19 12 13 15 14 21 14 17 16 20 14 18 15 12 19 14 20 15 20 14 16 14 18 21 19 15 22 15 16 19 14 21
29 29 30 29 22 19 30 25 18 26 17 20 30 20 26 28 19 27 19 18 30 30 18 28 27 17 29 17 19 28 18 19 24 20 27 23 31 29 20 18 20 25 22 30 28 26 29 20 31 17 21 30 29 31 18 27 19 18 25 20 23 21 25 20 19 29 30 31 19 29 24 19 18 26 26 22 22 28 25 17 21 31 23 28 30 29 26 19 20 18 21 29 23 27 27 21 27 18 22 30 21
30 30 51 46 45 39 46 51 48 47 34 49 54 43 40 36 34 36 33 41 40 32 42 45 32 41 40 35 49 36 53 39 38 32 47 45 50 53 36 45 31 50 54 46 37 44 37 52 31 40 48 32 38 44 45 51 47 50 53 52 45 48 48 30 44 54 34 54 53 51 47 30 32 51 54 30 35 36 32 32 51 35 48 36 53 34 53 34 33 41 41 33 48 30 45 33 43 40 47 54 36
31 31 46 49 39 34 34 41 29 33 38 51 46 34 29 39 34 42 49 38 44 42 48 40 40 51 33 42 41 28 50 45 31 46 43 40 44 50 50 38 33 29 29 34 38 30 50 31 35 32 42 41 28 34 31 46 34 34 51 50 34 40 30 43 33 51 47 35 35 36 48 28 41 43 50 48 40 50 39 41 31 49 30 38 32 34 46 36 49 44 38 33 47 40 34 34 42 45 36 29 48
32 13 19 22 16 20 19 21 17 21 16 19 20 22 23 22 21 23 20 21 18 16 14 23 23 13 17 13 21 14 15 23 16 13 14 15 16 21 15 20 16 22 14 18 19 18 21 16 20 16 13 19 17 14 13 21 21 15 14 22 17 22 22 20 20 16 18 13 20 14 19 23 20 22 16 17 22 13 16 21 23 20 21 17 17 14 20 21 21 23 18 17 14 22 19 17 23 16 20 13 15
33 37 36 34 28 36 28 35 41 39 29 33 30 26 31 34 39 26 37 24 26 37 30 31 30 32 27 38 27 25 33 23 39 29 26 32 34 43 41 43 28 36 34 24 26 40 38 33 36 43 28 39 30 37 37 32 33 32 34 35 24 37 42 28 24 35 36 38 43 36 27 34 33 41 34 39 35 27 35 28 42 33 37 33 28 30 35 43 24 37 26 29 27 25 31 42 38 37 24 34 39
34 31 44 29 30 35 28 41 47 38 39 32 45 42 46 37 40 40 37 31 28 27 36 35 37 49 48 27 38 48 44 44 41 29 29 30 32 48 42 36 46 45 44 37 38 30 32 41 42 30 41 38 39 33 28 29 35 35 33 45 44 44 46 41 32 44 31 43 45 28 40 36 44 45 46 34 45 31 48 43 29 32 43 39 45 36 30 40 45 27 34 40 34 30 30 39 42 36 29 39 30
35 26 23 29 21 24 24 29 26 25 20 17 21 20 17 23 17 24 19 27 20 30 23 26 23 27 20 22 24 20 17 20 29 16 20 26 27 26 21 22 19 17 30 28 30 21 29 20 25 29 19 25 29 23 20 21 21 24 23 23 27 25 30 29 26 28 26 23 23 28 23 24 17 29 17 23 18 17 27 29 29 22 24 17 23 17 22 24 18 26 30 24 21 23 20 27 28 24 25 23 17
36 26 23 19 17 19 23 22 16 20 25 17 16 23 18 15 24 21 21 19 16 16 17 16 26 23 25 19 24 19 20 26 18 25 26 21 24 17 21 26 16 22 17 21 18 19 25 16 16 27 17 21 18 19 19 26 24 24 24 19 24 26 21 21 27 22 24 27 18 26 18 25 23 18 22 21 24 17 26 26 19 17 15 22 18 16 20 23 24 27 22 16 18 23 25 16 22 20 26 26 26
37 11 9 9 7 8 8 8 8 12 12 9 8 8 10 9 8 8 8 12 10 9 12 10 12 13 11 12 9 10 7 10 8 9 7 13 8 12 11 10 8 12 9 13 8 9 12 11 9 9 8 10 9 10 12 10 9 13 9 7 12 10 12 8 8 8 10 8 11 11 10 10 12 8 9 13 9 13 9 12 7 12 8 7 12 12 8 11 7 8 13 11 11 13 8 13 13 12 12 13 12
38 36 23 21 25 25 26 32 28 32 31 23 36 24 34 37 29 30 32 29 27 39 24 23 38 26 37 30 29 35 37 25 29 33 22 33 31 37 35 22 24 37 23 30 32 30 38 38 32 30 22 26 36 36 24 23 33 29 22 23 21 38 27 33 29 35 29 32 34 31 22 31 38 36 37 23 25 34 33 36 34 31 30 32 36 28 22 38 30 36 34 27 32 28 25 25 31 25 24 29 21
39 34 28 27 38 30 24 22 29 26 27 29 32 24 27 37 30 35 21 33 32 29 34 32 30 31 32 21 34 35 29 22 38 22 24 32 38 29 35 25 35 38 22 24 24 28 36 26 30 34 26 26 22 23 28 29 35 23 31 33 34 33 35 22 22 26 37 28 35 27 35 26 24 23 28 24 30 34 36 23 30 36 38 31 29 29 36 33 23 32 34 21 30 37 37 22 26 32 33 30 26
40 35 27 26 37 27 27 30 25 26 42 43 27 29 37 28 32 42 42 36 40 43 27 36 30 43 44 41 44 27 27 41 25 44 41 36 43 42 35 44 27 31 35 40 27 43 29 45 40 37 31 42 36 29 29 32 45 37 32 30 29 42 27 37 29 34 40 26 37 28 32 31 27 42 44 38 33 25 42 45 45 41 37 34 42 43 45 37 41 28 29 35 41 35 41 29 34 40 45 44 28;
param maxIb: 1 :=
1 20
2 17
3 31
4 60
5 39
6 61
7 52
8 52
9 25
10 52
11 35
12 56
13 57
14 33
15 51
16 35
17 39
18 51
19 33
20 33
21 13
22 14
23 40
24 62
25 26
26 40
27 48
28 22
29 31
30 55
31 52
32 23
33 43
34 49
35 30
36 27
37 13
38 39
39 39
40 46;
param tempoe=0.000386;
