param nvertices=10; #numero de vertices
param ndemandas=40; #numero de demandas
param capacidadeij: 1 2 3 4 5 6 7 8 9 10 :=
 1 100 100 100 100 100 100 100 100 100 100
2 100 100 100 100 100 100 100 100 100 100
3 100 100 100 100 100 100 100 100 100 100
4 100 100 100 100 100 100 100 100 100 100
5 100 100 100 100 100 100 100 100 100 100
6 100 100 100 100 100 100 100 100 100 100
7 100 100 100 100 100 100 100 100 100 100
8 100 100 100 100 100 100 100 100 100 100
9 100 100 100 100 100 100 100 100 100 100
10 100 100 100 100 100 100 100 100 100 100; #Capacidade de banda de comunicacao de cada arco
param Adj: 1 2 3 4 5 6 7 8 9 10 := 
1 0 0 1 0 0 1 1 1 0 1
2 0 0 0 1 1 0 1 0 1 1
3 1 0 0 1 0 1 1 0 0 1
4 0 1 1 0 0 0 1 0 0 0
5 0 1 0 0 0 0 0 0 1 1
6 1 0 1 0 0 0 0 1 0 1
7 1 1 1 1 0 0 0 0 0 0
8 1 0 0 0 0 1 0 0 0 1
9 0 1 0 0 1 0 0 0 0 0
10 1 1 1 0 1 1 0 1 0 0;  #Matriz de adjacencia da topologia
param I: 1 2 3 :=
1 4.000000 6.000000 17.000000
2 8.000000 7.000000 19.000000
3 5.000000 7.000000 19.000000
4 7.000000 4.000000 11.000000
5 6.000000 8.000000 16.000000
6 7.000000 4.000000 17.000000
7 3.000000 8.000000 15.000000
8 1.000000 5.000000 13.000000
9 5.000000 1.000000 15.000000
10 4.000000 2.000000 16.000000
11 5.000000 4.000000 12.000000
12 10.000000 9.000000 10.000000
13 1.000000 6.000000 16.000000
14 7.000000 10.000000 17.000000
15 3.000000 2.000000 18.000000
16 4.000000 7.000000 18.000000
17 6.000000 9.000000 19.000000
18 6.000000 2.000000 13.000000
19 1.000000 8.000000 12.000000
20 10.000000 5.000000 19.000000
21 2.000000 10.000000 10.000000
22 8.000000 1.000000 16.000000
23 2.000000 4.000000 17.000000
24 2.000000 8.000000 11.000000
25 5.000000 2.000000 18.000000
26 4.000000 3.000000 19.000000
27 4.000000 2.000000 19.000000
28 5.000000 4.000000 18.000000
29 5.000000 4.000000 17.000000
30 8.000000 7.000000 14.000000
31 3.000000 2.000000 12.000000
32 2.000000 3.000000 16.000000
33 6.000000 9.000000 12.000000
34 8.000000 2.000000 19.000000
35 4.000000 3.000000 12.000000
36 9.000000 10.000000 14.000000
37 9.000000 2.000000 16.000000
38 6.000000 5.000000 10.000000
39 3.000000 7.000000 13.000000
40 9.000000 6.000000 16.000000;
param Ib: 1 2 3 4 5 6 7 8 9 10 11 12 13 14 15 16 17 18 19 20 21 22 23 24 25 26 27 28 29 30 31 32 33 34 35 36 37 38 39 40 41 42 43 44 45 46 47 48 49 50 51 52 53 54 55 56 57 58 59 60 61 62 63 64 65 66 67 68 69 70 71 72 73 74 75 76 77 78 79 80 81 82 83 84 85 86 87 88 89 90 91 92 93 94 95 96 97 98 99 100 :=
1 23 17 17 14 10 14 14 19 23 15 17 22 20 11 20 20 21 20 14 21 16 25 21 13 9 22 20 21 20 25 20 21 13 24 19 16 18 14 9 12 18 20 22 19 9 15 16 11 22 16 18 12 10 20 10 16 20 16 20 15 19 14 17 19 24 13 18 10 21 18 19 15 18 20 17 11 14 12 20 12 12 14 21 23 14 15 25 25 15 10 12 25 25 11 20 11 25 18 9 9
2 24 35 21 21 18 26 18 35 34 31 17 28 29 26 20 32 35 35 25 22 35 26 35 34 28 24 20 17 32 14 35 29 32 17 25 18 22 26 24 21 23 26 25 17 23 32 23 17 34 36 15 19 30 24 28 35 33 13 22 33 20 21 23 23 28 31 14 33 21 16 14 30 36 35 34 36 26 36 20 17 17 31 24 17 15 36 30 15 21 24 22 27 30 30 35 32 35 23 31 25
3 20 11 15 17 17 18 13 14 15 23 29 19 15 28 26 13 16 26 24 28 13 24 14 17 13 15 14 28 17 28 28 30 29 12 15 13 26 22 19 14 25 27 24 15 26 27 20 14 25 12 19 19 12 31 12 23 23 29 30 26 19 14 11 25 21 26 23 12 20 18 23 11 25 16 31 29 27 18 20 13 28 26 27 14 30 14 30 24 20 24 15 24 23 16 22 28 17 19 18 23
4 65 35 65 54 48 43 32 69 60 32 26 70 59 39 62 67 25 34 45 31 60 70 30 59 39 54 32 73 25 38 54 68 38 71 41 48 48 65 39 39 41 31 45 39 67 41 25 25 28 45 36 31 49 25 47 60 52 54 60 28 69 50 39 48 30 50 49 40 48 46 32 29 55 40 59 30 30 34 45 27 51 37 40 56 61 47 64 35 31 41 50 59 63 28 27 51 65 52 57 35
5 48 24 35 42 28 69 25 29 46 39 42 30 41 51 62 66 66 57 51 62 42 58 28 68 42 42 67 52 52 66 63 43 56 32 50 63 37 40 42 40 26 56 32 43 65 41 29 62 27 30 51 61 37 50 26 43 63 64 40 34 36 46 45 47 58 40 52 61 39 27 40 58 49 68 38 44 34 40 61 58 34 37 63 49 47 46 47 43 45 28 35 48 27 23 66 37 38 26 23 52
6 37 47 46 33 45 30 37 31 46 50 29 33 36 36 43 20 41 19 49 42 50 18 49 43 41 38 48 35 17 42 23 51 18 17 46 22 36 24 37 18 31 46 23 23 45 30 48 48 33 22 45 46 18 21 32 39 49 50 36 32 39 48 45 19 17 38 27 37 45 25 48 47 50 19 24 25 31 18 28 22 43 35 45 43 26 32 38 17 50 35 42 41 37 20 19 21 26 50 42 24
7 29 36 25 25 14 27 26 17 31 19 19 19 17 32 25 21 37 27 16 14 17 32 29 37 31 29 18 29 18 24 31 23 14 18 24 37 18 30 24 28 18 26 35 35 33 23 17 31 24 13 28 34 36 21 31 29 21 13 34 18 26 23 36 17 16 20 34 14 34 33 34 36 31 22 15 36 28 13 23 13 33 28 33 31 37 28 13 33 16 26 33 13 36 28 22 15 21 34 35 21
8 27 35 16 36 36 37 16 23 15 36 17 25 26 32 16 23 37 35 36 15 17 15 28 27 16 37 19 34 28 24 36 16 17 36 40 39 34 36 20 32 42 16 41 16 37 19 21 35 21 28 28 30 40 30 36 33 30 38 22 26 41 25 38 35 19 18 33 37 21 29 16 16 42 40 15 19 27 42 34 28 38 30 43 24 23 32 30 29 32 16 31 23 22 25 22 20 29 24 37 31
9 58 60 58 31 51 47 57 35 63 37 35 63 66 49 38 51 23 23 60 53 48 34 32 59 57 32 49 61 63 33 57 48 24 55 26 35 40 59 55 43 45 65 30 61 64 31 40 59 26 67 58 34 58 49 30 26 58 25 34 34 29 30 35 66 63 41 60 66 51 63 29 60 36 33 29 35 62 52 39 62 33 47 25 35 45 61 33 51 60 25 28 40 65 63 57 65 41 66 36 57
10 13 31 12 16 13 29 30 25 18 20 26 16 23 26 28 19 19 16 28 18 18 12 24 23 13 24 13 15 13 19 24 24 26 21 29 23 13 27 14 16 28 23 22 15 24 24 26 30 28 18 21 23 24 28 17 13 31 25 28 25 23 12 11 22 16 15 26 26 28 22 22 31 11 31 16 27 16 23 22 13 31 30 28 22 21 11 22 26 28 22 17 26 14 12 23 24 27 20 14 22
11 21 48 41 48 26 34 48 33 26 27 48 46 41 46 43 41 31 34 19 20 22 46 35 46 21 48 41 30 43 18 35 36 42 40 19 43 18 19 30 21 34 19 35 22 19 40 46 36 47 46 48 42 32 27 45 37 44 31 31 29 42 31 26 39 38 51 44 35 42 26 39 48 25 32 28 21 31 36 26 44 19 48 31 39 44 45 21 37 22 34 26 26 23 24 29 32 42 44 37 30
12 16 15 8 13 10 7 14 7 11 11 11 19 17 14 11 8 19 12 19 11 12 10 14 11 16 8 12 7 8 14 12 15 19 8 10 12 7 18 11 19 12 13 10 17 11 17 11 10 11 7 13 13 16 18 13 8 8 10 18 12 7 17 19 8 12 8 7 15 7 7 11 16 11 11 12 7 14 12 11 15 11 10 11 12 11 17 15 11 11 18 11 19 11 11 17 7 17 17 16 14
13 26 19 27 12 20 28 23 24 17 12 20 22 18 14 11 28 27 14 25 31 29 31 21 24 19 31 17 28 20 24 25 20 18 18 17 22 15 22 11 18 24 19 13 24 15 14 11 30 26 23 19 26 12 13 19 15 20 12 23 18 18 12 28 20 17 24 25 29 29 22 19 27 31 31 28 22 31 12 27 28 23 18 19 21 30 14 23 29 30 19 21 26 16 30 23 31 19 17 28 16
14 39 24 25 24 33 27 24 43 31 41 28 16 43 30 48 36 34 45 32 32 39 39 45 47 30 39 33 37 19 35 19 28 39 30 45 16 22 44 42 16 32 29 40 43 40 45 41 17 42 40 34 34 37 44 23 16 19 19 22 31 45 34 44 16 23 18 31 17 30 20 38 30 25 36 28 26 36 26 44 44 36 48 35 23 37 35 47 44 34 28 46 32 40 25 47 47 43 18 24 39
15 19 16 9 17 12 13 16 20 15 14 11 9 14 8 12 13 11 11 19 16 21 9 9 17 10 17 7 11 17 16 7 18 8 9 8 10 8 11 7 20 10 18 12 16 19 12 12 9 17 11 19 17 9 20 13 15 8 17 7 11 14 15 19 15 15 8 13 15 11 13 9 14 19 18 8 9 10 10 13 7 12 20 10 8 9 10 14 8 13 19 10 9 18 10 13 17 8 14 19 14
16 52 45 40 46 26 31 24 48 24 36 43 41 36 26 51 36 41 42 26 57 20 51 48 34 47 25 42 49 25 25 41 33 44 36 35 39 32 22 20 30 32 55 46 48 37 47 30 46 50 30 46 38 26 20 21 40 27 44 26 56 36 33 58 26 40 29 51 49 47 39 33 57 33 31 53 44 29 23 44 45 33 39 25 50 38 21 35 34 54 36 20 40 51 27 33 42 40 47 35 50
17 49 25 38 61 38 36 34 28 49 44 56 36 59 45 31 25 51 27 54 45 56 37 35 51 44 55 26 27 46 21 39 52 58 33 50 24 24 43 37 26 56 45 25 40 43 34 35 45 34 26 28 24 34 39 43 25 46 23 54 61 42 60 28 37 50 53 56 56 47 61 57 34 32 59 57 21 49 53 30 28 53 55 21 25 41 51 43 42 37 37 34 35 46 60 27 21 39 29 40 44
18 25 51 56 22 60 51 23 54 30 29 55 60 49 54 27 31 55 52 40 31 44 27 22 37 27 34 50 52 42 36 61 23 50 41 34 34 42 39 30 53 33 28 43 59 59 59 56 55 61 61 34 61 50 27 26 38 34 33 28 52 21 38 42 48 29 57 59 55 32 48 54 23 34 62 58 51 24 23 34 41 45 58 37 38 36 36 30 51 41 23 51 53 29 38 41 55 38 47 58 54
19 41 52 27 20 53 23 37 51 33 24 46 37 48 25 34 48 26 45 23 52 58 38 31 36 27 31 24 41 26 50 20 54 27 33 28 34 42 29 21 28 32 50 47 42 43 58 36 28 57 33 36 39 21 38 39 29 29 21 40 43 53 40 57 25 25 21 40 43 47 28 58 50 24 58 26 39 20 22 20 28 56 33 28 33 29 23 51 29 28 58 29 54 41 38 46 56 56 27 30 26
20 14 38 16 20 24 39 14 14 35 20 23 22 37 35 34 31 17 14 19 31 15 25 33 21 31 13 24 28 15 31 29 20 36 27 39 30 32 29 22 23 17 39 36 21 39 37 27 17 29 26 20 32 32 27 22 31 25 18 26 18 37 37 37 14 25 27 32 38 34 32 21 21 36 24 22 14 39 14 20 35 38 30 36 25 31 32 14 20 34 26 19 32 22 21 27 21 27 18 25 13
21 14 17 19 13 12 19 17 11 14 16 8 18 9 14 12 12 16 17 8 19 13 16 9 15 13 13 19 15 7 12 8 12 12 19 17 13 7 13 7 14 13 15 11 10 11 8 8 16 15 9 15 16 7 10 11 7 13 18 7 10 11 11 13 18 16 10 18 19 19 16 14 13 14 10 13 18 13 14 14 11 10 19 17 16 8 8 10 10 9 19 7 10 9 18 13 8 13 17 16 9
22 14 24 23 14 22 9 21 11 24 21 16 11 12 18 17 19 13 19 21 10 11 14 15 24 15 20 12 13 16 24 19 22 9 22 14 23 13 22 23 21 19 13 19 22 17 12 10 11 15 10 20 9 11 12 16 16 24 11 10 9 16 22 16 16 15 19 14 11 16 11 10 9 16 17 16 18 9 19 15 25 19 9 25 25 17 12 19 13 19 10 18 16 21 9 18 20 11 21 12 21
23 46 45 20 41 26 21 18 32 18 17 18 32 36 28 18 21 34 19 16 39 34 44 29 17 36 44 45 29 39 35 34 44 36 35 20 35 31 47 31 29 48 37 21 33 25 47 24 32 45 41 36 25 17 41 32 31 44 22 35 31 25 42 30 41 22 22 31 40 45 29 16 23 23 45 17 17 20 25 47 47 42 27 42 47 29 39 27 34 40 41 25 21 40 30 31 17 42 36 43 30
24 60 30 50 32 24 28 24 45 37 28 49 58 52 35 29 58 26 67 44 55 59 52 30 51 31 30 24 43 35 54 44 23 40 37 44 48 29 44 51 25 23 65 23 24 66 45 26 35 60 66 23 33 55 62 48 52 46 37 54 34 53 36 60 35 40 31 35 31 32 38 24 33 48 27 29 37 62 64 37 59 53 44 45 56 63 27 42 36 56 58 51 51 54 31 47 56 66 43 41 23
25 23 31 17 27 18 29 21 20 13 14 25 27 25 14 12 12 20 21 12 13 26 20 16 23 28 26 17 26 20 31 22 15 23 15 19 17 11 13 13 15 29 27 29 30 16 22 19 27 31 12 15 22 26 23 18 20 19 20 22 13 28 29 19 21 17 17 22 18 29 18 21 11 23 30 23 18 16 17 12 29 21 12 14 24 17 31 14 31 27 14 25 22 15 29 16 27 19 20 28 23
26 35 35 34 36 17 23 27 25 26 35 20 43 23 28 40 38 33 29 40 24 37 43 41 37 30 27 44 29 16 24 37 24 17 22 20 24 28 26 24 19 25 45 35 38 15 28 34 20 38 27 19 23 17 45 38 16 37 40 24 25 34 29 17 18 32 21 36 29 31 42 19 44 20 42 28 42 37 21 32 23 40 41 20 39 17 18 38 15 19 42 45 34 41 23 16 39 25 33 44 42
27 11 7 13 16 10 15 6 15 10 7 13 16 16 10 7 11 6 16 7 8 8 15 10 10 12 7 14 7 6 16 6 7 8 8 13 11 8 6 12 14 9 11 7 14 14 6 7 7 14 13 6 7 8 15 7 11 11 7 12 11 16 14 13 10 11 6 16 14 15 8 7 7 8 7 6 16 8 10 8 8 13 11 11 16 8 10 16 7 13 9 8 7 13 13 7 10 9 6 9 11
28 41 51 58 55 24 21 42 40 37 27 34 40 23 47 25 51 52 47 20 54 53 40 22 44 56 23 41 55 25 43 34 35 45 37 36 48 47 21 38 57 20 52 30 49 55 48 32 51 54 41 47 39 40 45 25 22 48 43 36 46 34 40 57 31 37 36 20 26 20 44 28 38 32 43 44 58 33 47 30 23 54 58 21 55 26 25 46 21 58 40 21 54 58 25 38 51 21 58 54 21
29 41 38 32 40 18 37 40 43 46 24 26 28 17 25 46 22 32 18 18 36 28 24 23 34 31 28 22 16 31 21 27 33 20 41 43 44 37 33 31 38 28 43 20 17 29 34 32 20 30 38 33 42 39 37 45 28 33 39 18 19 35 27 39 44 46 37 28 24 45 33 27 33 23 28 37 21 33 20 18 46 40 45 21 42 16 31 27 18 19 23 37 23 46 42 29 39 17 27 25 23
30 7 17 18 15 12 16 7 10 12 19 16 9 11 16 18 15 19 9 17 8 16 9 13 17 11 7 11 15 16 12 19 8 12 9 11 9 19 19 11 7 12 12 8 18 8 11 16 18 13 12 14 13 8 14 11 17 12 9 19 19 8 9 7 10 11 9 12 16 11 12 19 14 15 19 12 14 11 7 12 19 8 8 7 7 9 13 9 7 12 18 14 17 9 11 8 17 12 16 16 10
31 9 21 19 20 21 21 19 12 17 10 12 17 17 14 8 22 14 18 14 22 9 11 9 20 15 16 20 11 12 16 10 15 22 9 15 15 10 21 9 13 22 9 16 11 19 18 13 20 11 11 17 12 10 14 12 16 10 16 14 12 13 8 19 12 10 18 21 14 19 18 14 13 18 12 12 19 15 22 17 14 22 19 20 18 12 15 9 15 21 18 8 19 8 18 9 15 10 16 12 10
32 28 40 43 59 45 43 43 30 46 32 54 61 58 66 36 26 58 54 55 28 63 27 36 42 34 53 60 55 24 31 64 42 24 48 42 39 42 51 54 32 51 47 37 59 42 60 60 64 30 67 56 29 57 51 33 28 44 45 23 40 23 40 62 46 60 42 40 41 53 51 63 53 46 30 57 58 31 57 29 56 45 45 65 58 54 30 54 67 33 28 26 27 46 32 54 24 55 39 66 36
33 34 69 63 44 51 31 43 37 71 59 40 27 42 71 44 62 50 33 48 36 24 32 30 44 32 53 53 35 45 54 34 46 45 68 67 33 40 25 55 24 69 25 41 56 62 52 25 70 53 38 66 33 53 38 61 64 25 68 48 59 69 47 46 33 54 56 69 50 57 58 68 38 47 56 62 61 51 61 48 54 47 46 71 59 53 33 43 28 66 39 33 41 32 68 33 70 27 32 26 61
34 45 59 43 56 43 25 28 32 55 60 37 26 22 33 35 22 38 58 40 30 31 26 59 35 47 52 34 42 59 50 48 54 47 49 22 49 30 46 39 31 24 34 21 49 46 34 56 36 25 25 44 32 59 46 26 23 36 53 40 39 43 44 37 53 27 30 26 41 45 33 58 40 44 54 41 49 54 28 24 49 33 48 43 52 40 23 55 50 34 46 50 32 51 26 36 25 46 25 30 26
35 12 15 18 10 16 6 15 17 12 10 14 8 6 17 8 13 13 10 6 16 12 13 7 6 14 8 13 8 6 8 13 16 9 7 11 16 10 13 9 16 8 16 11 12 10 13 9 16 16 17 8 12 14 12 16 8 14 15 16 10 14 10 8 14 9 9 14 8 17 9 18 7 13 11 15 13 11 11 8 16 18 18 8 13 15 6 11 17 7 10 9 9 14 14 9 15 7 10 6 12
36 42 20 21 32 25 16 17 28 38 26 24 27 35 27 39 28 24 32 19 28 31 41 38 35 19 41 18 42 37 43 20 32 17 28 17 39 30 24 22 19 33 22 20 36 27 32 41 22 36 38 29 34 37 37 32 21 39 35 45 25 23 43 41 23 37 26 24 16 44 39 24 21 38 25 22 30 22 21 17 29 36 26 38 16 39 23 30 30 16 36 40 33 22 22 21 28 29 19 41 18
37 30 42 15 27 20 30 15 19 38 25 18 28 38 17 35 43 40 18 21 34 26 18 25 34 22 32 34 16 24 41 36 43 38 37 39 18 21 17 22 29 37 32 19 30 36 22 36 43 30 30 30 32 15 28 31 27 15 29 22 37 31 40 26 26 21 25 25 41 36 34 25 42 36 24 24 16 30 16 31 36 29 18 43 39 38 43 42 29 24 29 26 25 34 23 21 37 23 22 25 42
38 14 17 24 15 20 17 22 20 13 9 22 21 19 23 19 22 15 18 20 21 25 25 24 11 26 15 12 25 18 21 17 17 21 17 11 13 9 17 10 14 24 9 21 18 23 19 13 23 22 24 13 27 23 15 21 24 15 11 11 22 17 15 17 19 17 20 19 18 14 15 26 24 13 24 12 16 20 19 13 22 16 12 11 21 17 23 22 11 11 12 20 24 20 21 23 21 21 23 13 19
39 18 9 9 25 14 9 9 24 11 11 20 13 19 23 21 17 16 24 22 10 17 25 25 14 14 23 24 14 13 9 14 13 14 10 12 19 18 20 10 14 19 9 19 16 20 13 9 12 13 11 14 18 9 16 13 21 12 10 19 19 12 21 22 17 14 17 9 23 10 20 19 19 22 20 15 25 15 20 17 15 13 10 22 12 17 20 25 12 14 23 16 11 20 22 25 13 18 15 11 18
40 27 28 70 54 26 24 30 34 56 39 34 34 69 59 25 27 28 59 36 63 42 30 31 60 62 68 36 33 36 61 47 49 31 25 65 41 57 32 31 25 63 54 29 25 33 46 28 42 56 24 60 34 63 48 67 42 66 45 34 46 61 64 24 60 48 51 38 64 53 69 32 68 24 32 50 44 62 48 36 65 44 59 33 69 49 30 53 52 61 54 38 32 63 28 50 68 29 63 32 59;
param maxIb: 1 :=
1 26
2 38
3 32
4 74
5 69
6 51
7 38
8 44
9 68
10 32
11 51
12 20
13 32
14 48
15 21
16 59
17 62
18 63
19 59
20 39
21 20
22 26
23 48
24 68
25 32
26 45
27 17
28 59
29 47
30 20
31 23
32 68
33 72
34 60
35 18
36 45
37 44
38 27
39 26
40 71;
param tempoe=0.000415;
