param nvertices=10; #numero de vertices
param ndemandas=40; #numero de demandas
param capacidadeij: 1 2 3 4 5 6 7 8 9 10 :=
 1 100 100 100 100 100 100 100 100 100 100
2 100 100 100 100 100 100 100 100 100 100
3 100 100 100 100 100 100 100 100 100 100
4 100 100 100 100 100 100 100 100 100 100
5 100 100 100 100 100 100 100 100 100 100
6 100 100 100 100 100 100 100 100 100 100
7 100 100 100 100 100 100 100 100 100 100
8 100 100 100 100 100 100 100 100 100 100
9 100 100 100 100 100 100 100 100 100 100
10 100 100 100 100 100 100 100 100 100 100; #Capacidade de banda de comunicacao de cada arco
param Adj: 1 2 3 4 5 6 7 8 9 10 := 
1 0 0 0 0 0 1 0 0 1 1
2 0 0 1 0 1 0 0 0 0 1
3 0 1 0 1 1 0 0 1 0 0
4 0 0 1 0 0 0 1 1 0 0
5 0 1 1 0 0 0 0 0 0 1
6 1 0 0 0 0 0 0 0 0 1
7 0 0 0 1 0 0 0 1 1 0
8 0 0 1 1 0 0 1 0 0 0
9 1 0 0 0 0 0 1 0 0 1
10 1 1 0 0 1 1 0 0 1 0;  #Matriz de adjacencia da topologia
param I: 1 2 3 :=
1 9.000000 8.000000 10.000000
2 2.000000 4.000000 10.000000
3 10.000000 4.000000 17.000000
4 2.000000 8.000000 13.000000
5 9.000000 10.000000 14.000000
6 2.000000 8.000000 11.000000
7 2.000000 10.000000 11.000000
8 6.000000 8.000000 17.000000
9 7.000000 10.000000 16.000000
10 2.000000 6.000000 16.000000
11 5.000000 4.000000 10.000000
12 3.000000 10.000000 13.000000
13 5.000000 7.000000 12.000000
14 6.000000 10.000000 10.000000
15 4.000000 2.000000 11.000000
16 4.000000 3.000000 19.000000
17 6.000000 8.000000 16.000000
18 10.000000 9.000000 16.000000
19 4.000000 5.000000 10.000000
20 5.000000 8.000000 19.000000
21 9.000000 1.000000 15.000000
22 1.000000 9.000000 18.000000
23 3.000000 10.000000 17.000000
24 4.000000 2.000000 15.000000
25 1.000000 3.000000 17.000000
26 3.000000 2.000000 11.000000
27 5.000000 7.000000 12.000000
28 7.000000 4.000000 10.000000
29 7.000000 3.000000 16.000000
30 1.000000 5.000000 11.000000
31 9.000000 7.000000 11.000000
32 9.000000 7.000000 18.000000
33 8.000000 3.000000 16.000000
34 5.000000 9.000000 13.000000
35 1.000000 5.000000 11.000000
36 2.000000 9.000000 18.000000
37 9.000000 3.000000 11.000000
38 4.000000 9.000000 14.000000
39 10.000000 6.000000 13.000000
40 1.000000 7.000000 18.000000;
param Ib: 1 2 3 4 5 6 7 8 9 10 11 12 13 14 15 16 17 18 19 20 21 22 23 24 25 26 27 28 29 30 31 32 33 34 35 36 37 38 39 40 41 42 43 44 45 46 47 48 49 50 51 52 53 54 55 56 57 58 59 60 61 62 63 64 65 66 67 68 69 70 71 72 73 74 75 76 77 78 79 80 81 82 83 84 85 86 87 88 89 90 91 92 93 94 95 96 97 98 99 100 :=
1 26 15 17 13 30 20 20 25 20 16 19 14 14 16 27 14 29 14 21 22 19 28 29 29 12 19 22 31 18 21 16 13 14 22 15 21 13 12 15 27 29 18 16 26 13 14 28 26 31 21 14 12 22 29 21 19 12 16 28 20 20 13 14 14 18 17 18 28 23 20 23 13 19 27 29 16 16 30 27 13 23 19 31 24 22 21 24 23 31 31 14 16 16 13 12 13 18 30 14 27
2 47 30 30 24 37 27 43 40 19 30 43 43 38 26 42 33 32 40 16 23 22 18 33 43 17 47 46 18 24 32 47 25 27 32 48 20 44 43 38 46 18 25 23 31 44 23 38 23 44 44 44 31 47 17 47 24 20 42 27 27 27 28 43 22 22 30 24 46 39 24 19 21 41 19 20 45 35 41 42 26 20 35 31 25 48 45 46 38 43 22 41 46 47 44 32 46 19 40 17 39
3 19 20 18 14 19 11 24 23 21 25 13 18 21 27 23 23 13 25 18 18 22 21 24 20 17 18 14 20 17 13 18 21 20 26 17 27 25 23 13 14 26 25 21 28 19 16 23 28 18 16 13 15 10 11 20 20 25 20 16 18 25 17 22 14 13 19 19 17 14 22 27 26 11 24 27 11 28 18 24 10 17 22 18 12 13 18 22 23 15 17 25 24 17 16 22 17 14 20 19 26
4 31 46 38 43 40 26 19 48 21 38 27 43 19 18 41 23 21 32 36 32 27 49 22 17 34 26 22 22 31 44 30 37 21 48 49 19 41 45 38 19 38 43 23 45 34 42 27 47 28 44 33 46 23 30 45 34 30 37 43 26 36 26 39 43 49 45 37 38 41 30 26 24 37 35 49 27 40 48 45 47 19 46 35 25 18 44 34 27 38 18 24 48 48 18 24 33 30 40 17 28
5 5 11 5 14 7 8 13 10 5 9 12 10 9 13 11 12 7 10 9 5 5 12 11 8 15 13 8 11 12 6 5 10 12 6 9 11 9 8 8 10 13 10 14 6 10 8 6 9 10 5 11 6 7 13 13 12 8 15 10 5 13 15 11 9 6 14 9 6 7 6 13 15 9 13 10 9 6 11 7 13 10 13 13 14 9 14 7 14 13 9 5 11 5 11 11 14 6 12 13 12
6 57 55 33 42 35 55 37 47 58 37 66 33 44 40 26 59 50 50 49 63 50 62 38 54 60 65 50 65 60 31 26 56 68 50 55 38 62 34 63 30 29 50 61 31 38 54 32 49 40 43 66 44 35 24 38 41 43 26 26 34 30 24 31 56 26 45 39 57 64 68 38 48 32 60 46 56 36 47 45 36 30 40 49 24 26 69 63 45 26 48 45 66 48 66 60 56 56 51 68 64
7 39 47 22 38 35 47 37 36 33 49 40 46 53 59 46 26 28 47 54 32 40 27 62 24 47 34 54 45 50 36 43 28 49 38 56 54 56 61 36 58 39 39 60 50 46 58 62 39 28 60 28 55 54 22 35 36 59 22 62 60 58 59 58 32 34 48 47 34 40 52 31 61 27 37 30 51 40 44 31 23 34 43 59 56 54 60 27 27 61 34 45 54 36 48 47 35 57 55 61 32
8 15 29 12 18 22 27 13 13 27 29 29 23 14 13 28 31 26 20 15 24 24 17 19 28 32 29 13 18 29 12 16 14 20 12 13 18 12 23 12 21 21 16 31 20 28 21 27 32 23 25 31 12 18 25 28 14 22 22 32 25 30 17 28 19 30 17 25 32 33 20 24 18 14 28 13 13 27 17 16 32 23 27 26 13 15 33 18 29 11 13 31 17 15 22 19 26 18 12 26 16
9 60 55 54 30 60 64 42 33 38 54 44 56 22 52 32 23 43 32 32 42 61 30 34 59 37 45 34 51 22 53 36 39 54 47 29 23 63 44 43 27 58 27 39 41 37 58 64 24 44 52 41 59 39 57 32 48 40 38 53 35 23 32 30 47 63 24 45 54 59 24 58 51 25 47 33 31 53 27 63 54 53 32 63 49 29 58 27 27 23 62 39 46 54 49 37 57 35 36 60 42
10 28 34 12 33 18 12 31 31 12 34 31 13 12 28 19 23 23 18 20 24 16 15 26 32 32 26 34 22 23 23 34 15 34 31 28 31 19 26 23 12 20 18 33 15 15 23 23 18 15 24 13 12 25 21 30 16 32 33 13 15 22 19 31 19 32 13 34 26 27 22 31 14 13 17 17 28 24 13 24 34 31 16 30 25 20 20 15 16 12 22 24 20 33 24 19 22 22 22 30 17
11 59 26 31 52 39 37 27 43 27 21 32 40 30 45 58 31 58 30 44 43 51 46 45 36 31 33 21 44 45 22 48 49 60 48 28 43 46 33 42 56 46 35 59 30 35 30 39 59 25 27 51 29 42 45 38 42 60 30 36 28 49 54 33 61 57 36 51 55 59 29 39 41 59 61 52 22 60 41 36 45 49 42 27 45 26 30 44 51 33 23 30 51 44 37 28 48 55 54 45 26
12 44 51 34 54 61 60 25 48 23 49 55 42 24 40 48 31 46 40 29 55 63 37 30 45 61 35 39 36 42 35 29 24 53 22 33 46 38 53 60 38 54 44 23 58 62 39 44 43 42 54 47 57 37 34 57 40 33 56 50 56 62 44 30 35 43 25 25 30 53 60 42 34 25 62 56 46 45 48 46 41 29 44 26 61 36 54 51 59 43 37 54 40 61 30 50 22 30 51 61 55
13 42 24 57 57 31 30 50 48 46 27 25 28 53 25 62 61 29 56 40 50 53 49 36 48 51 43 57 29 51 54 50 47 47 60 30 32 66 54 50 26 35 65 60 45 43 62 24 26 64 57 56 23 59 33 39 31 29 23 57 49 59 37 50 56 38 24 43 55 54 32 33 64 33 54 53 56 39 39 60 58 28 49 50 29 29 41 33 53 48 45 28 43 66 27 55 40 35 34 32 62
14 55 41 25 36 25 38 54 22 22 20 21 54 44 47 42 44 35 32 51 25 58 31 23 34 48 23 20 37 49 38 56 32 58 26 30 21 23 46 45 44 33 37 32 54 38 51 55 53 38 49 45 45 36 25 28 25 57 29 43 55 50 54 48 53 21 55 45 40 21 39 33 40 38 35 34 56 31 32 40 23 31 40 47 33 55 24 60 44 49 59 45 28 42 28 39 50 39 42 35 40
15 16 7 9 10 7 10 9 7 15 18 16 16 7 17 8 11 10 12 14 7 17 8 8 19 10 15 18 14 13 13 8 11 12 19 9 18 9 12 15 12 17 13 9 18 11 13 7 18 7 8 16 10 18 11 19 14 16 12 13 18 11 17 7 19 9 9 19 17 11 13 15 11 13 13 7 9 11 15 10 12 19 18 8 10 15 7 19 13 15 9 16 11 16 15 13 11 16 11 15 17
16 47 26 29 29 45 46 27 35 31 55 32 50 31 28 51 38 35 47 35 33 47 34 23 34 25 47 38 41 42 36 39 55 37 40 55 31 21 52 34 25 34 46 55 45 52 41 50 20 46 47 50 29 42 19 37 50 30 21 42 50 40 41 19 39 35 31 23 29 21 32 25 34 32 43 43 34 41 31 19 49 50 38 51 27 54 30 35 40 27 29 21 43 42 49 32 31 35 34 38 33
17 11 10 13 12 16 18 18 14 15 9 21 10 10 10 19 12 13 13 15 12 16 8 13 19 17 14 18 16 19 14 19 14 12 17 10 11 14 15 10 14 12 13 18 16 15 21 15 14 19 14 19 18 15 17 10 17 11 7 17 12 13 15 17 8 14 17 18 19 13 14 15 8 7 8 17 19 14 19 9 18 19 12 12 8 12 18 18 21 20 18 17 18 18 17 11 12 19 19 7 21
18 28 53 37 22 23 42 42 24 25 29 38 49 45 53 50 38 31 58 40 32 49 30 50 55 44 26 37 27 56 27 40 42 57 22 27 42 25 44 44 48 26 38 39 30 56 41 46 39 47 36 53 37 49 46 41 54 34 55 44 23 57 33 27 55 39 42 54 46 44 38 41 57 37 22 54 23 54 56 34 30 26 33 35 38 20 33 31 38 20 33 51 22 55 37 50 32 32 56 36 28
19 42 37 42 24 54 28 59 29 52 35 31 43 29 51 42 34 51 43 54 21 46 59 35 37 36 60 45 21 27 24 39 44 48 38 28 31 52 26 49 22 36 32 57 49 30 32 47 23 22 31 60 27 25 59 31 21 46 49 30 35 28 37 40 49 27 25 59 40 49 46 23 45 40 55 58 33 24 23 58 21 54 31 57 24 39 40 23 48 56 49 57 24 34 32 38 33 25 58 49 44
20 51 23 35 54 25 36 35 34 20 34 48 43 53 25 22 29 19 24 36 24 20 45 23 38 35 19 38 45 49 23 50 49 33 45 52 29 19 53 32 23 34 29 41 49 25 52 35 50 42 47 25 45 35 26 42 34 19 36 45 26 44 24 49 49 48 30 34 41 37 27 44 48 38 36 39 32 34 26 40 27 21 42 48 19 36 28 41 26 25 23 29 37 51 34 40 51 50 54 32 21
21 22 25 38 49 31 51 29 23 31 41 29 38 21 26 26 36 35 44 41 21 42 38 49 39 38 31 34 20 33 53 32 44 30 19 29 24 23 43 29 34 45 53 47 43 54 47 36 31 51 48 38 21 20 33 31 46 46 39 30 29 45 39 19 40 50 33 44 54 39 54 35 50 36 46 28 27 44 34 32 31 53 20 44 54 53 20 41 54 31 48 21 36 35 46 30 23 44 35 48 48
22 32 63 53 59 56 38 57 40 41 58 54 58 39 48 25 45 31 32 61 38 52 47 55 45 56 34 26 61 31 42 44 39 57 23 49 38 51 40 55 27 23 50 39 57 63 59 55 43 42 48 40 61 61 49 37 34 47 48 39 63 38 51 61 43 57 64 36 38 51 47 36 62 40 55 44 61 48 25 38 47 58 37 36 30 44 62 58 54 50 61 52 58 62 54 31 37 32 49 58 28
23 34 49 22 45 48 36 49 49 24 28 24 26 29 23 52 28 31 43 49 36 25 22 50 49 29 32 52 34 19 45 24 47 48 50 31 42 39 37 23 51 38 38 48 25 45 40 50 23 45 18 34 31 25 40 31 21 47 48 42 38 44 43 52 50 43 51 45 34 27 27 32 39 32 36 32 52 44 27 38 48 34 44 24 22 48 28 26 49 27 21 27 45 23 42 36 21 35 23 19 26
24 36 45 56 47 43 51 42 40 23 42 50 52 22 45 35 31 33 56 52 43 50 56 34 29 35 22 56 37 49 39 48 26 50 50 50 32 32 45 34 51 26 34 34 43 51 44 27 19 35 35 37 44 44 35 56 50 36 43 36 25 49 44 26 27 44 54 45 49 31 49 54 56 43 48 22 36 26 52 40 22 29 51 32 31 26 46 28 39 27 40 34 20 48 31 21 32 31 49 36 54
25 29 51 28 58 33 50 51 39 41 50 68 67 37 71 35 32 49 26 28 32 42 57 27 70 31 68 37 55 68 54 46 29 65 37 43 57 56 43 64 46 63 43 70 45 42 46 40 64 58 39 37 32 53 51 42 62 65 40 41 27 72 40 44 36 60 35 46 51 33 55 54 71 63 49 26 35 58 45 44 31 71 67 47 42 44 61 71 71 62 39 59 37 39 36 72 64 47 31 35 41
26 54 55 41 47 21 48 32 29 33 52 57 42 41 25 37 25 60 29 59 57 30 49 61 35 33 54 26 39 57 31 24 40 47 23 49 21 21 24 25 25 26 47 45 27 30 52 27 45 45 33 32 34 36 56 48 56 46 39 23 29 58 54 29 56 52 27 38 46 59 39 48 54 59 48 55 25 28 21 56 57 52 40 60 44 47 55 31 30 51 51 31 43 38 36 47 40 36 42 52 45
27 45 57 37 46 66 35 27 49 61 68 50 58 36 46 66 49 30 47 36 60 64 26 27 32 64 54 30 26 50 62 46 54 58 51 25 49 48 31 65 38 24 33 38 28 24 23 26 52 35 27 66 48 60 33 44 48 30 32 55 45 67 35 38 69 51 43 29 26 27 31 40 66 46 65 29 54 48 43 25 57 26 26 30 63 64 52 28 27 66 24 39 49 39 48 52 42 63 65 53 29
28 10 19 18 8 22 8 17 13 19 11 8 8 21 12 10 19 17 16 12 8 18 17 18 21 16 15 14 20 19 17 10 10 8 17 21 19 10 11 15 11 15 8 14 9 10 14 8 18 9 17 19 17 9 14 12 16 22 19 21 14 13 17 21 13 19 9 16 15 12 22 21 8 19 21 13 11 17 21 19 11 13 8 9 18 19 14 10 10 15 17 11 13 22 14 22 14 17 10 16 14
29 25 16 25 28 13 28 28 26 21 26 13 19 25 16 16 25 18 26 12 22 29 11 29 18 23 19 28 18 24 18 16 15 23 24 23 15 14 17 15 30 26 29 27 23 28 20 28 14 12 19 16 17 17 14 18 11 21 23 24 12 14 28 23 29 15 23 21 13 25 21 23 29 25 27 27 20 12 28 13 11 22 26 11 23 28 12 25 12 18 25 16 20 12 30 19 16 28 23 30 11
30 19 22 20 24 34 28 20 29 23 29 18 22 23 15 16 17 24 20 13 26 36 16 36 15 36 22 20 25 34 27 32 35 27 13 30 34 35 20 30 29 31 37 23 17 23 14 31 25 15 25 24 14 20 20 30 25 22 17 18 22 20 24 20 24 24 14 20 29 24 28 23 14 15 24 29 37 30 13 34 35 33 36 30 26 27 26 24 36 13 26 16 22 13 36 34 13 32 29 28 16
31 48 32 46 54 50 43 20 50 57 36 40 49 30 54 47 25 41 26 23 22 55 47 53 20 33 39 45 44 31 37 33 40 40 25 33 46 44 50 36 29 54 48 47 36 38 50 20 48 53 47 41 29 50 52 19 49 29 26 24 32 37 25 33 41 42 56 45 21 44 39 49 31 34 41 34 52 39 34 50 35 48 22 39 55 43 23 32 33 54 19 46 24 55 38 48 38 49 37 38 21
32 28 20 15 40 31 16 20 20 39 24 38 24 38 29 20 38 26 29 26 24 40 34 40 15 26 17 26 21 23 24 35 21 38 38 28 19 40 38 37 27 26 34 17 15 38 33 27 15 34 39 34 36 37 29 15 26 14 36 15 20 15 33 24 33 17 39 24 20 39 15 38 39 31 16 29 14 33 33 20 39 20 40 27 19 23 34 24 17 27 38 27 18 24 28 40 18 14 39 23 20
33 21 21 22 15 22 12 17 8 19 20 10 9 12 20 12 20 12 19 12 15 18 13 12 16 14 13 9 13 20 18 17 8 21 22 20 16 13 10 17 14 16 21 10 8 12 13 14 19 16 21 12 15 9 13 17 12 8 18 13 20 16 19 16 20 10 22 8 15 19 20 11 18 15 17 9 17 15 9 11 18 9 16 20 13 8 22 22 8 21 16 15 18 17 12 18 22 20 15 11 20
34 42 38 40 25 23 41 32 27 40 33 18 35 40 39 41 17 15 23 15 30 39 19 24 40 16 16 26 26 26 31 33 28 40 33 21 37 37 27 29 18 16 41 32 22 37 38 21 22 17 25 26 29 22 38 37 29 27 33 20 22 16 33 42 22 38 23 24 29 39 43 35 36 43 16 22 24 29 33 27 39 17 16 29 21 24 34 21 15 30 23 31 16 41 31 41 40 19 40 22 34
35 22 14 12 19 14 21 17 20 21 10 11 11 16 16 10 11 14 22 9 11 21 14 9 22 17 14 19 17 14 17 15 18 14 13 11 10 8 11 18 9 18 21 13 9 8 17 17 8 10 8 13 12 11 9 17 18 18 12 10 16 21 10 9 18 23 18 11 16 17 9 23 19 18 22 13 20 13 18 13 15 10 8 17 20 10 19 21 8 10 19 9 21 24 19 20 11 20 15 22 11
36 18 19 11 17 26 17 13 12 14 19 18 13 11 16 10 23 24 21 19 19 18 18 13 12 14 12 19 25 15 11 20 18 19 15 10 17 17 9 21 23 10 23 16 21 15 26 23 10 18 11 18 25 16 13 9 20 21 18 25 14 18 14 25 26 27 16 19 12 12 13 26 24 11 18 10 11 23 9 13 10 15 21 24 17 18 26 17 17 13 12 10 21 13 25 11 20 15 21 25 19
37 31 63 29 32 32 38 55 31 64 46 67 52 66 35 52 69 35 30 31 71 57 68 50 32 69 33 57 69 34 72 44 70 60 37 44 34 68 40 35 60 68 36 37 55 27 30 54 36 68 70 66 72 43 38 48 45 62 32 26 61 63 35 67 26 28 61 63 38 49 64 47 57 68 40 37 29 66 71 50 37 41 49 49 40 30 65 39 63 49 37 47 30 50 62 49 51 62 67 32 40
38 28 47 43 53 45 56 50 31 47 61 37 43 25 58 42 29 68 54 39 45 24 65 61 58 32 43 43 47 24 68 48 29 58 68 66 48 56 47 57 59 52 30 67 29 41 65 44 56 37 64 68 47 61 26 56 31 28 56 32 63 37 56 61 44 59 43 66 39 27 56 60 32 26 48 24 52 35 44 44 31 32 58 49 69 56 40 27 51 39 59 31 25 24 55 41 40 53 57 68 44
39 36 63 66 51 68 62 69 64 48 46 56 40 39 67 64 44 32 50 30 26 34 33 26 44 39 62 31 58 61 45 44 55 26 55 63 42 66 48 52 35 37 64 27 60 34 59 69 54 68 29 35 43 53 50 29 60 31 52 49 46 36 35 66 41 56 64 29 67 63 25 45 67 51 26 36 50 57 45 58 65 36 44 63 27 25 52 69 33 25 24 29 25 26 37 37 48 45 39 69 41
40 14 16 17 28 20 20 29 25 15 24 29 21 31 24 18 16 34 26 27 18 17 31 18 21 13 33 22 12 12 24 22 27 29 19 29 12 27 17 25 26 26 29 19 13 13 27 32 20 12 30 20 23 30 13 31 32 30 13 13 15 19 13 22 23 19 15 20 18 23 27 13 30 30 15 32 27 33 26 34 19 20 18 25 26 25 20 12 16 27 24 21 20 27 33 31 12 27 16 28 30;
param maxIb: 1 :=
1 3.150000e+01
2 48
3 2.850000e+01
4 4.950000e+01
5 15
6 7.050000e+01
7 63
8 33
9 6.450000e+01
10 3.450000e+01
11 6.150000e+01
12 63
13 66
14 60
15 1.950000e+01
16 5.550000e+01
17 21
18 5.850000e+01
19 60
20 5.550000e+01
21 5.550000e+01
22 66
23 5.250000e+01
24 57
25 72
26 6.150000e+01
27 69
28 2.250000e+01
29 30
30 3.750000e+01
31 57
32 4.050000e+01
33 2.250000e+01
34 4.350000e+01
35 24
36 27
37 72
38 69
39 7.050000e+01
40 3.450000e+01;
param tempoe=0.000499;
